Stand	ForestType	TreeID	DBH	H	StemSection	buttH	topH	topD	buttD	KnotClusterCount	KnotClusterDistanceAverage	KnotVolume	KnotIndex	KnotSizeIndex
1	OMT	101	31.2	21.1	1	0	457.3	250.08	309	11	279	7.762	0.0297	0.7056
1	OMT	101	31.2	21.1	2	457.3	914.6	215.81	252	8	330	8.214	0.0407	1.0268
1	OMT	101	31.2	21.1	3	916.8	1374.1	158.37	219	8	364	9.261	0.0702	1.1576
1	OMT	102	28.2	20	1	0	433.7	272.67	324	11	250	12.917	0.0391	1.1743
1	OMT	102	28.2	20	2	433.7	862.4	237.65	283	11	225	8.853	0.0399	0.8048
1	OMT	103	23.8	20.8	1	0	460.6	163.18	196	5	398	2.195	0.0189	0.439
1	OMT	104	30.3	21.6	1	0	430.3	255.24	280	12	239	6.698	0.0284	0.5582
1	OMT	104	30.3	21.6	2	430.3	860.6	213.57	255	9	319	7.587	0.0361	0.843
1	OMT	104	30.3	21.6	3	891.5	1321.8	199.43	222	7	362	3.848	0.0252	0.5497
1	OMT	106	24	19	1	0	431.5	233.99	289	12	237	12.867	0.0577	1.0723
1	OMT	109	33.9	21.6	1	0	430.9	274	344	15	179	6.649	0.0217	0.4433
1	OMT	109	33.9	21.6	2	430.9	861.8	232.77	275	9	314	4.619	0.0204	0.5132
1	OMT	109	33.9	21.6	3	862.4	1293.3	174.94	234	9	247	5.627	0.038	0.6252
1	OMT	110	36	25	1	0	462.9	281.16	341	10	254	7.226	0.0206	0.7226
1	OMT	110	36	25	2	462.9	925.8	245.78	282	9	281	8.118	0.033	0.902
1	OMT	110	36	25	3	895.5	1358.4	196.72	243	9	238	7.762	0.0439	0.8624
1	OMT	111	29.4	25.8	1	0	460.1	197.22	225	11	281	6.805	0.0405	0.6186
1	OMT	111	29.4	25.8	2	460.1	920.2	159.93	200	5	386	10.222	0.0852	2.0444
1	OMT	112	31.1	25.7	1	0	461.8	259.72	324	23	89	11.821	0.0399	0.514
1	OMT	112	31.1	25.7	2	461.8	923.6	231	264	10	278	11.958	0.0564	1.1958
1	OMT	113	30.6	24.4	1	0	490.4	244.47	297	11	258	9.216	0.0334	0.8378
1	OMT	113	30.6	24.4	2	490.4	980.8	159.96	209	11	220	6.497	0.052	0.5906
1	OMT	114	30.1	25.6	1	0	432	228.27	305	12	195	6.547	0.0271	0.5456
1	OMT	114	30.1	25.6	2	432	864	201.91	237	16	191	5.767	0.0315	0.3604
1	OMT	114	30.1	25.6	3	892.6	1324.6	165.16	203	7	341	4.078	0.034	0.5826
1	OMT	115	31.6	25.2	1	0	462.9	261.22	322	20	128	12.754	0.044	0.6377
1	OMT	115	31.6	25.2	2	462.9	925.8	220.03	262	15	174	8.27	0.0374	0.5513
1	OMT	115	31.6	25.2	3	923.5	1386.4	175.42	228	10	261	5.834	0.0392	0.5834
1	OMT	116	38	26.6	1	0	428.7	327.11	405	21	123	15.185	0.0372	0.7231
1	OMT	116	38	26.6	2	428.7	857.4	293.15	329	15	138	17.703	0.0522	1.1802
1	OMT	116	38	26.6	3	860.2	1288.9	221.67	285	18	124	17.014	0.0635	0.9452
1	OMT	116	38	26.6	4	1351.1	1779.8	162.89	228	15	157	10.003	0.0736	0.6669
1	OMT	117	36	26.6	1	0	491.5	286.18	336	15	162	10.891	0.0287	0.7261
1	OMT	117	36	26.6	2	491.5	983	247.57	293	10	297	8.233	0.029	0.8233
1	OMT	117	36	26.6	3	982.4	1473.9	188.3	246	9	371	8.215	0.0382	0.9128
1	OMT	117	36	26.6	4	1532.3	2023.8	154.74	212	6	475	3.425	0.024	0.5708
1	OMT	118	26.9	23.1	1	0	428.7	192.22	225	13	174	8.341	0.0528	0.6416
1	OMT	119	29.9	24.5	1	0	460.6	245.65	295	10	240	6.09	0.0232	0.609
1	OMT	119	29.9	24.5	2	460.6	921.2	208.13	251	9	318	4.111	0.0198	0.4568
1	OMT	121	25.9	23.8	1	0	428.7	218.81	270	11	238	4.915	0.0251	0.4468
1	OMT	121	25.9	23.8	2	428.7	857.4	177.53	213	7	487	4.864	0.0297	0.6949
1	OMT	122	33.4	23.3	1	0	521.8	210.37	245	12	292	7.14	0.0335	0.595
1	OMT	122	33.4	23.3	2	521.8	1043.6	194.56	232	11	257	7.153	0.0439	0.6503
1	OMT	122	33.4	23.3	3	984.1	1505.9	161.35	195	6	519	5.397	0.0415	0.8995
1	OMT	123	24.9	22.3	1	0	490.9	214.05	264	16	153	12.869	0.0562	0.8043
1	OMT	123	24.9	22.3	2	490.9	981.3	163.8	220	11	228	8.338	0.06	0.758
1	OMT	124	22.1	21.9	1	0	492.1	175.44	226	11	263	4.628	0.0313	0.4207
1	OMT	125	25.7	20.8	1	0	428.1	202.49	259	9	315	4.246	0.0247	0.4718
1	OMT	125	25.7	20.8	2	428.1	856.2	160.67	201	9	292	4.772	0.0404	0.5302
1	OMT	126	28.1	23.4	1	0	459.5	219.03	288	9	222	10.795	0.0488	1.1994
1	OMT	126	28.1	23.4	2	459.5	919	195.2	225	10	346	11.373	0.0608	1.1373
1	OMT	126	28.1	23.4	3	982.4	1441.9	145.91	192	11	202	11.923	0.1065	1.0839
1	OMT	127	34.5	27.1	1	0	553.8	268.36	388	14	246	13.977	0.0353	0.9984
1	OMT	127	34.5	27.1	2	553.8	1107.6	233.07	273	15	168	12.025	0.0565	0.8017
1	OMT	127	34.5	27.1	3	985.3	1539.1	171.55	237	10	286	7.544	0.0441	0.7544
1	OMT	128	24.1	23.9	1	0	430.9	176.2	204	7	388	3.543	0.0288	0.5061
1	OMT	129	36.9	27.7	1	0	460.1	294.55	366	13	212	9.154	0.0245	0.7042
1	OMT	129	36.9	27.7	2	460.1	920.2	259.08	294	14	242	8.795	0.0271	0.6282
1	OMT	129	36.9	27.7	3	982.5	1442.6	202.3	257	11	288	9.068	0.0376	0.8244
1	OMT	129	36.9	27.7	4	1532.9	1993	182.09	223	13	289	10.561	0.0614	0.8124
1	OMT	130	27.6	23.3	1	0	432.6	222.39	295	10	283	6.234	0.0301	0.6234
1	OMT	130	27.6	23.3	2	432.6	865.2	192.42	223	8	282	4.882	0.0311	0.6103
1	OMT	130	27.6	23.3	3	864.1	1296.7	158	199	8	344	3.425	0.0317	0.4281
1	OMT	131	35.5	27.1	1	0	460.1	281.45	352	13	213	10.905	0.0319	0.8388
1	OMT	131	35.5	27.1	2	460.1	920.2	245.03	281	10	204	14.009	0.0596	1.4009
1	OMT	131	35.5	27.1	3	891.6	1351.7	198.34	240	7	310	9.217	0.0533	1.3167
1	OMT	132	37.3	28.5	1	0	430.9	298.58	379	10	282	18.559	0.0507	1.8559
1	OMT	132	37.3	28.5	2	430.9	861.8	259.55	301	7	366	14.785	0.0501	2.1121
1	OMT	132	37.3	28.5	3	892.1	1323	212.39	264	10	326	11.116	0.0421	1.1116
1	OMT	132	37.3	28.5	4	1444.2	1875.1	163.13	214	6	418	11.931	0.097	1.9885
1	OMT	133	27.4	23.9	1	0	430.3	230.77	274	13	224	11.031	0.0535	0.8485
1	OMT	134	35.7	26.5	1	0	550.4	281.93	360	17	219	11.585	0.0268	0.6815
1	OMT	134	35.7	26.5	2	550.4	1100.8	253.13	290	13	162	14.124	0.0556	1.0865
1	OMT	134	35.7	26.5	3	979.6	1530	211.99	258	8	299	10.04	0.0526	1.255
1	OMT	135	31	23.4	1	0	429.8	251.05	307	12	192	8.611	0.0329	0.7176
1	OMT	135	31	23.4	2	429.8	859.6	211.37	263	14	186	8.667	0.0382	0.6191
1	OMT	136	29.1	24.5	1	0	432.6	229.87	289	15	152	12.18	0.058	0.812
1	OMT	136	29.1	24.5	2	432.6	865.2	200.54	228	9	247	11.281	0.0648	1.2534
1	OMT	137	25.1	24.1	1	0	432	206.57	245	13	209	7.718	0.0451	0.5937
1	OMT	137	25.1	24.1	2	432	864	178.56	211	10	286	9.476	0.0589	0.9476
1	OMT	138	31.1	25.1	1	0	459	222.54	246	8	366	7.433	0.0357	0.9291
1	OMT	139	26.1	21.6	1	0	430.3	217.78	288	13	164	11.663	0.0577	0.8972
1	OMT	140	35	24.2	1	0	431.5	267	360	19	120	11.708	0.04	0.6162
1	OMT	140	35	24.2	2	431.5	863	236.94	273	10	232	11.905	0.0492	1.1905
1	OMT	140	35	24.2	3	892.7	1324.2	190.39	242	10	220	13.567	0.0827	1.3567
1	OMT	141	23.2	23.1	1	0	459	195.34	230	8	336	4.557	0.0288	0.5696
1	OMT	141	23.2	23.1	2	459	918	159.09	186	10	290	3.526	0.0299	0.3526
1	OMT	142	37	25.4	1	0	462.9	289.01	422	17	143	11.416	0.0288	0.6715
1	OMT	142	37	25.4	2	462.9	925.8	247.41	295	10	310	17.102	0.059	1.7102
1	OMT	142	37	25.4	3	952.7	1415.6	204.32	248	7	334	15.563	0.0841	2.2233
2	MT-	201	27.1	23.5	1	0	433.1	222.01	275	11	295	5.795	0.0299	0.5268
2	MT-	201	27.1	23.5	2	433.1	866.2	189.49	220	9	309	5.387	0.0364	0.5986
2	MT-	202	24.2	24.3	1	0	433.1	193.75	231	6	470	3.567	0.0241	0.5945
2	MT-	202	24.2	24.3	2	433.1	866.2	153.64	194	9	415	4.712	0.0383	0.5236
2	MT-	203	41.1	26.7	1	0	432	329.68	398	20	92	20.339	0.042	1.017
2	MT-	203	41.1	26.7	2	432	864	284.18	337	19	129	20.275	0.0584	1.0671
2	MT-	203	41.1	26.7	3	862.3	1294.3	225.34	288	21	131	18.739	0.071	0.8923
2	MT-	203	41.1	26.7	4	1352.1	1784.1	148.73	222	22	121	12.508	0.092	0.5685
2	MT-	204	25.6	22.9	1	0	525.7	201.86	266	11	303	5.143	0.0234	0.4675
2	MT-	204	25.6	22.9	2	525.7	1051.4	176.81	205	12	194	4.592	0.0364	0.3827
2	MT-	204	25.6	22.9	3	956	1481.7	133.19	180	9	277	3.642	0.0414	0.4047
2	MT-	205	30.1	23	1	0	431.5	221.85	280	14	210	12.608	0.0634	0.9006
2	MT-	205	30.1	23	2	431.5	863	175.25	231	11	290	19.202	0.111	1.7456
2	MT-	205	30.1	23	3	952.7	1384.2	130.09	175	13	207	11.699	0.1427	0.8999
2	MT-	206	27.8	24.9	1	0	464	224.1	293	10	299	5.56	0.0254	0.556
2	MT-	206	27.8	24.9	2	464	928	192.64	224	11	275	5.343	0.0343	0.4857
2	MT-	207	40.4	25.2	1	0	492.6	310.43	401	20	118	31.976	0.0682	1.5988
2	MT-	207	40.4	25.2	2	492.6	985.2	242.87	308	21	126	28.682	0.088	1.3658
2	MT-	208	38.6	27.7	1	0	431.5	314.93	394	16	124	16.595	0.04	1.0372
2	MT-	208	38.6	27.7	2	431.5	863	285.61	322	16	156	15.061	0.0446	0.9413
2	MT-	208	38.6	27.7	3	893.8	1325.3	246.18	295	11	173	20.622	0.0802	1.8747
2	MT-	208	38.6	27.7	4	1324.1	1755.6	192.15	252	16	158	20.824	0.112	1.3015
2	MT-	208	38.6	27.7	5	1786.4	2217.9	140.37	199	12	200	13.109	0.126	1.0924
2	MT-	209	31.3	25	1	0	433.1	253.64	309	13	228	11.061	0.0419	0.8508
2	MT-	209	31.3	25	2	433.1	866.2	220.73	254	13	275	16.891	0.0707	1.2993
2	MT-	209	31.3	25	3	956	1389.1	166	222	15	185	15.259	0.0925	1.0173
2	MT-	210	30	24.5	1	0	434.3	237.02	304	20	128	14.247	0.0606	0.7124
2	MT-	210	30	24.5	2	434.3	868.6	198.75	237	13	220	11.334	0.0633	0.8718
2	MT-	210	30	24.5	3	898.9	1333.2	147.53	199	11	271	8.638	0.0771	0.7853
2	MT-	211	28.2	25.5	1	0	433.7	232.39	284	13	198	8.473	0.039	0.6518
2	MT-	211	28.2	25.5	2	433.7	867.4	205.23	233	10	295	6.615	0.0368	0.6615
2	MT-	211	28.2	25.5	3	897.1	1330.8	151.99	202	13	278	5.947	0.0428	0.4575
2	MT-	212	29.2	24.2	1	0	431.5	234.4	298	11	292	9.05	0.0404	0.8227
2	MT-	212	29.2	24.2	2	431.5	863	199.41	232	10	348	10.681	0.0562	1.0681
2	MT-	212	29.2	24.2	3	924.7	1356.2	153.03	201	10	385	13.891	0.0958	1.3891
2	MT-	213	26.6	24.9	1	0	490.4	214.8	262	12	283	5.05	0.0246	0.4208
2	MT-	213	26.6	24.9	2	490.4	980.8	181.18	215	8	372	4.373	0.0297	0.5466
2	MT-	213	26.6	24.9	3	952.2	1442.6	139.82	179	10	319	3.73	0.0401	0.373
2	MT-	214	33.6	25.8	1	0	431.5	274.42	312	16	169	12.617	0.0419	0.7886
2	MT-	214	33.6	25.8	2	431.5	863	243.19	278	12	167	16.757	0.0673	1.3964
2	MT-	214	33.6	25.8	3	864.1	1295.6	195.25	250	15	206	20.038	0.0982	1.3359
2	MT-	215	30.7	28.3	1	0	462.9	240.38	280	10	294	11.038	0.0452	1.1038
2	MT-	215	30.7	28.3	2	462.9	925.8	210.25	245	13	285	13.607	0.061	1.0467
2	MT-	215	30.7	28.3	3	985.3	1448.2	168.04	201	9	376	8.58	0.0655	0.9533
2	MT-	215	30.7	28.3	4	1445.9	1908.8	126.21	168	9	306	6.887	0.085	0.7652
2	MT-	216	34.8	28.3	1	0	493.2	286.86	359	12	273	9.181	0.0242	0.7651
2	MT-	216	34.8	28.3	2	493.2	986.4	252.22	285	8	322	8.317	0.032	1.0396
2	MT-	216	34.8	28.3	3	925.2	1418.4	214.91	260	7	373	6.273	0.0314	0.8961
2	MT-	217	25.8	24.3	1	0	465.1	211.67	271	16	196	9.519	0.0478	0.5949
2	MT-	217	25.8	24.3	2	465.1	930.2	157.43	182	7	384	4.947	0.051	0.7067
2	MT-	217	25.8	24.3	3	896.6	1361.7	119	156	7	366	2.864	0.0403	0.4091
2	MT-	218	28.5	26.7	1	0	432.6	248.42	281	12	262	7.45	0.031	0.6208
2	MT-	218	28.5	26.7	2	432.6	865.2	217.23	250	10	376	10.139	0.0428	1.0139
2	MT-	218	28.5	26.7	3	1355.5	1798.2	125.55	171	7	328	4.293	0.053	0.6133
2	MT-	219	28.8	28.7	1	0	461.8	243.19	300	11	287	7.893	0.0323	0.7175
2	MT-	219	28.8	28.7	2	461.8	923.6	218.58	248	11	267	10.187	0.0461	0.9261
2	MT-	219	28.8	28.7	3	952.2	1414	174.31	218	14	223	12.273	0.0722	0.8766
2	MT-	219	28.8	28.7	4	1473.4	1935.2	133.68	179	9	335	7.932	0.0912	0.8813
2	MT-	220	29.8	25	1	0	433.7	236.33	270	14	184	10.37	0.0461	0.7407
2	MT-	220	29.8	25	2	433.7	867.4	201.28	237	15	219	14.247	0.0685	0.9498
2	MT-	220	29.8	25	3	956.6	1390.3	148.09	211	12	263	7.987	0.0644	0.6656
2	MT-	221	22.9	23.4	1	0	492.6	189.55	245	15	242	10.461	0.0608	0.6974
2	MT-	221	22.9	23.4	2	492.6	985.2	156.2	191	8	413	7.88	0.0575	0.985
2	MT-	221	22.9	23.4	3	1042.5	1535.1	124.23	156	11	290	5.518	0.0777	0.5016
2	MT-	222	41.1	29.9	1	0	432.6	333.35	448	24	120	14.7	0.0319	0.6125
2	MT-	222	41.1	29.9	2	432.6	865.2	299.79	337	16	159	17.36	0.0424	1.085
2	MT-	222	41.1	29.9	3	924.7	1357.3	161.23	217	11	313	8.794	0.0637	0.7995
2	MT-	223	36.7	30.7	1	0	528	298.58	370	21	154	21.008	0.0473	1.0004
2	MT-	223	36.7	30.7	2	528	1056	265.5	303	11	272	15.56	0.0546	1.4145
2	MT-	223	36.7	30.7	3	958.9	1486.9	223.14	266	11	262	16.358	0.067	1.4871
2	MT-	223	36.7	30.7	4	1447	1975	172.99	229	16	206	14.232	0.089	0.8895
2	MT-	224	38.7	30.4	1	0	524.6	302.09	361	19	209	14.181	0.0313	0.7464
2	MT-	224	38.7	30.4	2	524.6	1049.2	278.97	301	9	279	10.169	0.0354	1.1299
2	MT-	224	38.7	30.4	3	957.2	1481.8	240.78	279	11	267	12.946	0.0516	1.1769
2	MT-	224	38.7	30.4	4	1419	1943.6	168.74	241	14	211	14.831	0.0753	1.0594
2	MT-	225	33.5	29.5	1	0	433.1	254.03	323	9	283	6.726	0.0247	0.7473
2	MT-	225	33.5	29.5	2	433.1	866.2	231.55	258	8	488	6.606	0.0265	0.8258
2	MT-	225	33.5	29.5	3	955.5	1388.6	203.66	230	7	384	4.651	0.0287	0.6644
2	MT-	225	33.5	29.5	4	1384.2	1817.3	154.18	203	11	336	6.751	0.0489	0.6137
2	MT-	226	29.6	26.2	1	0	521.8	244.29	316	17	197	8.704	0.0282	0.512
2	MT-	226	29.6	26.2	2	521.8	1043.6	206.68	248	12	295	7.004	0.0334	0.5837
2	MT-	226	29.6	26.2	3	1013.9	1535.7	151.53	204	9	306	5.52	0.0456	0.6133
2	MT-	227	24.2	27	1	0	554.9	187.83	284	14	299	7.649	0.0379	0.5464
2	MT-	227	24.2	27	2	554.9	1109.8	160.22	188	8	461	7.194	0.0518	0.8993
2	MT-	228	40.2	29.6	1	0	305.8	323.23	403	16	90	12.973	0.0446	0.8108
2	MT-	228	40.2	29.6	2	305.8	611.6	295.87	325	16	136	18.02	0.0516	1.1263
2	MT-	228	40.2	29.6	3	750.7	1056.5	248.57	301	16	179	21.069	0.0637	1.3168
2	MT-	228	40.2	29.6	4	1273.1	1578.9	171.93	214	8	374	7.845	0.0552	0.9806
2	MT-	228	40.2	29.6	5	1733.7	2039.5	127.99	186	12	215	11.375	0.1264	0.9479
2	MT-	229	43.4	31.2	1	0	494.3	328.39	453	27	96	30.885	0.0561	1.1439
2	MT-	229	43.4	31.2	2	494.3	988.6	284.77	331	16	178	20.22	0.0502	1.2638
2	MT-	229	43.4	31.2	3	1016.7	1511	243.48	289	18	167	17.777	0.063	0.9876
2	MT-	229	43.4	31.2	4	1509.3	2003.6	181.77	238	12	241	11.84	0.0637	0.9867
2	MT-	230	48	30.5	1	0	462.9	400.42	508	17	138	27.526	0.0381	1.6192
2	MT-	230	48	30.5	2	462.9	925.8	360.41	407	17	116	26.136	0.051	1.5374
2	MT-	230	48	30.5	3	894.4	1357.3	307.51	361	12	181	32.141	0.0703	2.6784
2	MT-	230	48	30.5	4	1382.5	1845.4	242.5	310	12	96	32.703	0.1139	2.7253
2	MT-	230	48	30.5	5	1810	2272.9	152.41	244	13	210	31.51	0.1713	2.4238
2	MT-	231	43.6	29.1	1	0	429.2	338.42	424	19	71	35.281	0.0699	1.8569
2	MT-	231	43.6	29.1	2	429.2	858.4	280.33	334	13	182	20.779	0.0541	1.5984
2	MT-	231	43.6	29.1	3	919	1348.2	232.5	294	16	157	16.403	0.0646	1.0252
3	Peat	301	33.3	22.3	1	0	433.7	248.74	310	11	195	11.675	0.0429	1.0614
3	Peat	301	33.3	22.3	2	433.7	867.4	208.9	257	10	246	17.407	0.0845	1.7407
3	Peat	301	33.3	22.3	3	893.2	1326.9	147.63	206	10	296	12.074	0.0951	1.2074
3	Peat	302	36.9	25.4	1	0	524	304.5	377	19	174	12.4	0.0271	0.6526
3	Peat	302	36.9	25.4	2	524	1048	262.61	305	12	265	14.855	0.0433	1.2379
3	Peat	302	36.9	25.4	3	1041.9	1565.9	167.68	234	11	266	10.268	0.0685	0.9335
3	Peat	303	40.4	23.9	1	0	524	228.2	286	12	283	15.166	0.0527	1.2638
3	Peat	303	40.4	23.9	2	524	1048	159.57	228	11	304	10.432	0.0603	0.9484
3	Peat	304	28.9	23.2	1	0	430.3	247.54	325	13	174	9.835	0.0403	0.7565
3	Peat	304	28.9	23.2	2	430.3	860.6	218.39	258	17	177	15.424	0.0711	0.9073
3	Peat	304	28.9	23.2	3	919	1349.3	162.38	232	18	181	13.646	0.0869	0.7581
3	Peat	305	28.6	23.9	1	0	524.6	216.71	290	15	193	10.953	0.0442	0.7302
3	Peat	305	28.6	23.9	2	524.6	1049.2	180.49	219	11	332	8.273	0.0475	0.7521
3	Peat	306	31.4	23.4	1	0	433.1	255.98	289	16	142	14.917	0.0578	0.9323
3	Peat	306	31.4	23.4	2	433.1	866.2	218.5	262	11	246	22.135	0.1054	2.0123
3	Peat	307	37.8	25.5	1	0	520.7	227.1	276	15	178	22.462	0.0829	1.4975
3	Peat	307	37.8	25.5	2	520.7	1041.4	161.07	223	15	219	15.199	0.0916	1.0133
3	Peat	308	36.4	25.3	1	0	524	281.29	368	23	130	20.422	0.0482	0.8879
3	Peat	308	36.4	25.3	2	524	1048	204.32	252	8	277	15.795	0.0849	1.9744
3	Peat	308	36.4	25.3	3	952.1	1476.1	153.71	203	12	248	15.251	0.1097	1.2709
3	Peat	309	23.1	23.3	1	0	551	175.99	229	11	345	4.466	0.0271	0.406
3	Peat	309	23.1	23.3	2	551	1102	153.91	179	6	383	1.472	0.0157	0.2453
3	Peat	310	27.2	23.5	1	0	526.3	211.3	288	15	208	10.332	0.0457	0.6888
3	Peat	310	27.2	23.5	2	526.3	1052.6	167.79	218	9	347	7.901	0.05	0.8779
3	Peat	310	27.2	23.5	3	1048.7	1575	123.92	169	10	294	5.397	0.0675	0.5397
3	Peat	311	34.4	26.2	1	0	524.6	264.17	347	10	379	6.215	0.0169	0.6215
3	Peat	311	34.4	26.2	2	524.6	1049.2	229.33	263	10	383	5.046	0.0193	0.5046
3	Peat	311	34.4	26.2	3	1046.4	1571	170.73	229	12	311	6.094	0.0348	0.5078
3	Peat	312	30.6	23.6	1	0	432	250	314	8	267	4.087	0.0165	0.5109
3	Peat	312	30.6	23.6	2	432	864	230.77	256	7	374	4.052	0.0203	0.5789
3	Peat	312	30.6	23.6	3	862.3	1294.3	179.25	242	7	431	2.635	0.0164	0.3764
3	Peat	312	30.6	23.6	4	1321.3	1753.3	117.16	185	10	270	6.274	0.0721	0.6274
3	Peat	313	24.8	21.2	1	0	520.7	151.61	184	10	370	7.557	0.0619	0.7557
3	Peat	314	29.8	22.8	1	0	430.3	193.94	217	10	265	4.581	0.0303	0.4581
3	Peat	314	29.8	22.8	2	430.3	860.6	146.4	195	8	360	4.597	0.041	0.5746
3	Peat	315	28.2	22.2	1	0	432.6	232.99	293	9	306	5.328	0.0242	0.592
3	Peat	315	28.2	22.2	2	432.6	865.2	197.25	236	7	427	2.995	0.0184	0.4279
3	Peat	315	28.2	22.2	3	863.5	1296.1	148.77	209	12	303	7.025	0.0484	0.5854
3	Peat	316	29.8	23.7	1	0	434.3	237.24	300	21	122	10.058	0.0439	0.479
3	Peat	316	29.8	23.7	2	434.3	868.6	204.74	239	9	347	8.241	0.0429	0.9157
3	Peat	316	29.8	23.7	3	924.7	1359	149.59	201	6	560	1.938	0.0159	0.323
3	Peat	317	30.7	23.5	1	0	435.4	250.29	284	14	216	9.262	0.0378	0.6616
3	Peat	317	30.7	23.5	2	435.4	870.8	205.27	253	10	270	14.055	0.0777	1.4055
3	Peat	317	30.7	23.5	3	869.1	1304.5	151.08	202	10	268	9.416	0.0841	0.9416
3	Peat	318	33.2	25	1	0	521.8	269.48	327	19	155	9.437	0.0259	0.4967
3	Peat	318	33.2	25	2	521.8	1043.6	214.62	271	14	243	6.83	0.0266	0.4879
3	Peat	318	33.2	25	3	1043	1564.8	155.4	217	13	269	5.63	0.0405	0.4331
3	Peat	319	34.2	22.7	1	0	466.3	270.92	348	23	90	17.407	0.0512	0.7568
3	Peat	319	34.2	22.7	2	466.3	932.6	215.61	264	11	179	16.059	0.0717	1.4599
3	Peat	319	34.2	22.7	3	927.5	1393.8	153.46	219	15	200	10.762	0.0861	0.7175
3	Peat	320	42	25.1	1	0	492.1	273.13	354	24	101	21.863	0.0606	0.911
3	Peat	320	42	25.1	2	492.1	984.2	218.39	270	13	194	22.097	0.088	1.6998
3	Peat	321	33.4	22.6	1	0	430.9	260.33	320	13	220	8.337	0.0298	0.6413
3	Peat	321	33.4	22.6	2	430.9	861.8	206.8	257	11	295	6.713	0.0327	0.6103
3	Peat	321	33.4	22.6	3	892.1	1323	152.97	206	11	239	5.481	0.0508	0.4983
3	Peat	322	39.6	24.7	1	0	524.6	289.55	396	13	196	15.05	0.0318	1.1577
3	Peat	322	39.6	24.7	2	524.6	1049.2	227.75	285	11	242	22.346	0.076	2.0315
3	Peat	322	39.6	24.7	3	1045.8	1570.4	158.55	237	13	238	16.887	0.0982	1.299
4	MT+	401	27.6	22.6	1	0	490.4	226.31	308	12	287	8.484	0.0342	0.707
4	MT+	401	27.6	22.6	2	490.4	980.8	195.3	235	8	393	8.73	0.0502	1.0913
4	MT+	402	23	20.5	1	0	459.5	177.8	249	9	368	5.729	0.0406	0.6366
4	MT+	403	21.2	16.5	1	0	520.1	169.85	237	7	466	6.18	0.042	0.8829
4	MT+	403	21.2	16.5	2	520.1	1040.2	135.65	172	8	376	7.275	0.0827	0.9094
4	MT+	404	19.7	19.3	1	0	489.3	154.52	223	14	205	9.439	0.08	0.6742
4	MT+	405	23.5	20.6	1	0	489.8	186.36	248	11	309	9.197	0.0575	0.8361
4	MT+	405	23.5	20.6	2	489.8	979.6	151.42	197	12	232	6.701	0.0684	0.5584
4	MT+	406	28.4	21.5	1	0	430.3	233.43	286	10	325	4.378	0.0202	0.4378
4	MT+	406	28.4	21.5	2	430.3	860.6	206.07	234	7	408	4.127	0.0246	0.5896
4	MT+	406	28.4	21.5	3	860.6	1290.9	159.87	205	8	334	3.981	0.0332	0.4976
4	MT+	407	27.8	22.2	1	0	520.1	220.06	273	14	276	8.697	0.0361	0.6212
4	MT+	407	27.8	22.2	2	520.1	1040.2	179.95	226	17	230	7.729	0.0439	0.4546
4	MT+	408	27.3	22.5	1	0	430.9	207.75	280	8	281	11.132	0.0605	1.3915
4	MT+	408	27.3	22.5	2	430.9	861.8	171.49	214	9	394	17.272	0.1053	1.9191
4	MT+	409	27.3	23.5	1	0	462.3	223.7	290	15	222	9.844	0.046	0.6563
4	MT+	409	27.3	23.5	2	462.3	924.6	196.88	225	11	234	10.729	0.0692	0.9754
4	MT+	409	27.3	23.5	3	891.5	1353.8	145.46	196	9	286	9.925	0.0902	1.1028
4	MT+	410	22.6	21.1	1	0	429.8	183.58	235	12	223	7.536	0.0571	0.628
4	MT+	411	31.7	23.5	1	0	488.7	257.95	306	13	243	9.935	0.033	0.7642
4	MT+	411	31.7	23.5	2	488.7	977.4	220.24	257	8	329	13.651	0.0615	1.7064
4	MT+	411	31.7	23.5	3	947.7	1436.4	165.7	219	11	288	11.141	0.0753	1.0128
4	MT+	412	25.8	24.5	1	0	489.3	205.02	273	13	273	5.894	0.0295	0.4534
4	MT+	412	25.8	24.5	2	489.3	978.6	163.35	204	8	416	6.525	0.0438	0.8156
4	MT+	413	32.1	22.8	1	0	491.5	241	322	14	193	8.663	0.0296	0.6188
4	MT+	413	32.1	22.8	2	491.5	983	223.57	262	10	281	8.055	0.0428	0.8055
4	MT+	413	32.1	22.8	3	920.7	1412.2	147.24	218	11	311	12.759	0.0788	1.1599
4	MT+	415	37.1	23.9	1	0	430.3	237.95	280	8	295	12.025	0.0521	1.5031
4	MT+	415	37.1	23.9	2	430.3	860.6	186.88	238	10	275	13.658	0.0864	1.3658
4	MT+	416	25.7	21.6	1	0	521.8	198.36	272	8	407	8.263	0.0426	1.0329
4	MT+	416	25.7	21.6	2	521.8	1043.6	155.42	197	10	261	7.653	0.0617	0.7653
5	MT-	501	39.1	25.1	1	0	489.8	296.22	359	18	140	10.447	0.0255	0.5804
5	MT-	501	39.1	25.1	2	489.8	979.6	251.27	300	14	225	9.819	0.0295	0.7014
5	MT-	501	39.1	25.1	3	1034	1523.8	183.89	260	15	244	11.76	0.0527	0.784
5	MT-	502	27.5	22	1	0	490.9	211.75	269	10	343	4.941	0.0209	0.4941
5	MT-	502	27.5	22	2	490.9	981.8	185.84	219	6	434	3.468	0.0248	0.578
5	MT-	503	26	23.6	1	0	489.8	217.27	267	7	368	3.762	0.0181	0.5374
5	MT-	503	26	23.6	2	489.8	979.6	155.04	191	6	421	3.56	0.0336	0.5933
5	MT-	504	23.1	22.6	1	0	428.1	188.38	255	11	280	5.48	0.0378	0.4982
5	MT-	504	23.1	22.6	2	428.1	856.2	160.04	188	8	373	4.357	0.0363	0.5446
5	MT-	505	27.6	22.7	1	0	490.9	236.15	278	13	283	7.075	0.0285	0.5442
5	MT-	505	27.6	22.7	2	490.9	981.8	206.13	236	9	254	4.551	0.0266	0.5057
5	MT-	505	27.6	22.7	3	921.2	1412.1	158.49	209	8	367	6.234	0.0528	0.7793
5	MT-	506	23	21.4	1	0	461.2	162.9	193	7	454	3.704	0.0309	0.5291
5	MT-	507	23.7	21.8	1	0	429.2	194.93	227	10	307	6.702	0.045	0.6702
5	MT-	507	23.7	21.8	2	429.2	858.4	160.83	195	8	355	7.448	0.0586	0.931
5	MT-	508	28	23.8	1	0	492.1	217.93	295	10	336	4.783	0.0208	0.4783
5	MT-	509	23.3	22.5	1	0	429.8	198.19	247	3	771	1.259	0.0078	0.4197
5	MT-	509	23.3	22.5	2	429.8	859.6	167.3	200	6	531	2.417	0.0163	0.4028
5	MT-	510	24.4	23.1	1	0	459.5	204.82	260	11	294	5.928	0.0328	0.5389
5	MT-	510	24.4	23.1	2	459.5	919	176.02	205	9	403	7.077	0.0434	0.7863
5	MT-	511	31.2	23.6	1	0	459.5	256.26	342	14	211	7.207	0.0249	0.5148
5	MT-	511	31.2	23.6	2	459.5	919	226.59	256	9	287	5.688	0.027	0.632
5	MT-	511	31.2	23.6	3	896.6	1356.1	167.44	229	11	269	7.65	0.0487	0.6955
5	MT-	512	26.5	23.1	1	0	432	223.45	304	9	307	5.177	0.0243	0.5752
5	MT-	512	26.5	23.1	2	432	864	191.96	227	8	415	5.318	0.0302	0.6648
5	MT-	512	26.5	23.1	3	924.1	1356.1	154.74	194	9	326	5.823	0.0555	0.647
5	MT-	513	23.9	21.9	1	0	432	201.64	279	11	268	6.034	0.0368	0.5485
5	MT-	513	23.9	21.9	2	432	864	156.44	205	9	401	4.964	0.0331	0.5516
5	MT-	514	19.8	20.4	1	0	494.9	220.18	294	16	162	8.943	0.0345	0.5589
5	MT-	514	19.8	20.4	2	494.9	989.8	163.79	223	7	280	3.45	0.0305	0.4929
5	MT-	514	19.8	20.4	3	924.1	1419	133.81	165	5	434	1.39	0.0167	0.278
5	MT-	515	25.4	21.2	1	0	519.6	209.65	273	14	229	10.167	0.0464	0.7262
5	MT-	516	27.8	23.1	1	0	431.5	222.19	275	12	258	4.977	0.024	0.4148
5	MT-	516	27.8	23.1	2	431.5	863	193.6	223	5	515	1.896	0.0122	0.3792
5	MT-	516	27.8	23.1	3	861.8	1293.3	153.16	197	4	650	1.894	0.0166	0.4735
5	MT-	517	22.1	21.3	1	0	441	150.72	178	8	356	3.592	0.0363	0.449
5	MT-	518	20	21.2	1	0	519.6	166.56	202	9	367	3.557	0.0272	0.3952
5	MT-	519	24.4	23	1	0	429.2	190.5	257	13	202	7.899	0.0534	0.6076
5	MT-	519	24.4	23	2	429.2	858.4	163.51	193	7	456	5.434	0.0438	0.7763
5	MT-	520	24.8	22.3	1	0	464.6	203.47	262	8	305	8.179	0.0433	1.0224
5	MT-	520	24.8	22.3	2	464.6	929.2	161.62	207	10	351	9.933	0.0621	0.9933
5	MT-	521	27.9	23.7	1	0	459.5	227.65	295	9	293	7.021	0.0301	0.7801
5	MT-	521	27.9	23.7	2	459.5	919	202.58	230	8	353	5.868	0.0358	0.7335
5	MT-	521	27.9	23.7	3	890.4	1349.9	154.48	200	6	487	4.891	0.0418	0.8152
5	MT-	522	30.2	24.7	1	0	444.9	237.39	298	10	314	3.714	0.0153	0.3714
5	MT-	522	30.2	24.7	2	444.9	889.8	206.96	243	7	490	2.503	0.0125	0.3576
5	MT-	522	30.2	24.7	3	924.6	1369.5	157.71	202	10	298	7.298	0.0598	0.7298
5	MT-	523	20.1	19.6	1	0	549.3	161.98	207	4	690	2.053	0.014	0.5133
5	MT-	524	26.8	23.6	1	0	461.8	226.6	309	12	252	8.701	0.0399	0.7251
5	MT-	524	26.8	23.6	2	461.8	923.6	201.17	228	7	311	7.902	0.0497	1.1289
5	MT-	524	26.8	23.6	3	893.8	1355.6	158.36	202	8	335	7.01	0.0626	0.8763
5	MT-	525	24.2	21.4	1	0	460.6	199.99	241	11	281	5.007	0.03	0.4552
5	MT-	525	24.2	21.4	2	460.6	921.2	164.11	202	11	321	3.292	0.0222	0.2993
5	MT-	526	26.3	23.7	1	0	489.8	210.49	292	10	362	3.777	0.0177	0.3777
5	MT-	526	26.3	23.7	2	489.8	979.6	183.12	211	7	362	2.364	0.0175	0.3377
5	MT-	526	26.3	23.7	3	920.1	1409.9	135.14	186	6	434	2.578	0.0277	0.4297
5	MT-	527	22.8	21.3	1	0	429.8	185.12	253	11	257	5.887	0.0409	0.5352
5	MT-	527	22.8	21.3	2	429.8	859.6	156.46	188	7	436	2.064	0.0188	0.2949
5	MT-	528	25.8	18.9	1	0	459.5	194.59	275	14	202	8.904	0.0474	0.636
5	MT-	529	31.9	22.3	1	0	461.8	249.31	320	13	225	8.072	0.0292	0.6209
5	MT-	529	31.9	22.3	2	461.8	923.6	212.64	252	6	484	7.268	0.0358	1.2113
5	MT-	529	31.9	22.3	3	924.1	1385.9	150.43	206	7	347	7.716	0.0665	1.1023
5	MT-	530	26.4	20.4	1	0	459.5	200.21	302	13	198	8.241	0.0427	0.6339
5	MT-	530	26.4	20.4	2	459.5	919	162.25	206	12	215	9.589	0.0671	0.7991
5	MT-	531	21.7	20.8	1	0	550.4	173.84	224	13	308	4.807	0.0293	0.3698
5	MT-	531	21.7	20.8	2	550.4	1100.8	147.64	176	6	511	3.235	0.0334	0.5392
5	MT-	532	25	20.7	1	0	459.5	196.93	272	16	186	10.457	0.0587	0.6536
5	MT-	532	25	20.7	2	459.5	919	148.76	199	12	256	7.149	0.0596	0.5958
5	MT-	533	27.6	23.4	1	0	492.6	217.79	304	11	288	8.585	0.0382	0.7805
5	MT-	533	27.6	23.4	2	492.6	985.2	172.86	220	8	443	4.994	0.0305	0.6243
5	MT-	534	21.7	19.5	1	0	430.3	177.7	241	13	195	4.37	0.0344	0.3362
5	MT-	534	21.7	19.5	2	430.3	860.6	146.29	176	7	367	3.407	0.0348	0.4867
6	MT+	601	24.1	22.3	1	0	522.9	200.85	275	11	307	5.561	0.0265	0.5055
6	MT+	601	24.1	22.3	2	522.9	1045.8	165.58	202	9	401	3.599	0.025	0.3999
6	MT+	602	29.85	25.6	1	0	436.5	257.27	308	13	191	11.516	0.045	0.8858
6	MT+	602	29.85	25.6	2	436.5	873	234.51	268	10	229	13.157	0.0615	1.3157
6	MT+	602	29.85	25.6	3	868.5	1305	192.64	237	9	222	11.103	0.0707	1.2337
6	MT+	603	23.85	22.2	1	0	521.8	188.42	237	14	261	10.782	0.0592	0.7701
6	MT+	603	23.85	22.2	2	521.8	1043.6	159.76	189	11	275	9.63	0.0724	0.8755
6	MT+	604	28.6	24	1	0	494.3	247.42	295	15	222	11.227	0.0417	0.7485
6	MT+	604	28.6	24	2	494.3	988.6	208.84	246	8	354	7.3	0.0415	0.9125
6	MT+	604	28.6	24	3	923	1417.3	156.72	204	10	346	5.335	0.0401	0.5335
6	MT+	605	34.5	24.6	1	0	522.9	283.8	364	14	250	18.443	0.0469	1.3174
6	MT+	605	34.5	24.6	2	522.9	1045.8	238.65	284	8	394	17.406	0.0592	2.1758
6	MT+	605	34.5	24.6	3	1044.7	1567.6	174.28	241	9	399	15.319	0.0782	1.7021
6	MT+	606	26.15	23.6	1	0	433.7	223.45	258	15	170	11.765	0.0591	0.7843
6	MT+	606	26.15	23.6	2	433.7	867.4	186.87	225	7	336	10.162	0.0691	1.4517
6	MT+	606	26.15	23.6	3	862.9	1296.6	142.82	194	9	291	8.32	0.0693	0.9244
6	MT+	607	23.75	22.2	1	0	492.6	197.79	256	12	223	5.827	0.0313	0.4856
6	MT+	607	23.75	22.2	2	492.6	985.2	165.59	201	8	415	3.917	0.0301	0.4896
6	MT+	608	34.35	23.7	1	0	494.9	279.94	365	22	152	13.705	0.0372	0.623
6	MT+	608	34.35	23.7	2	494.9	989.8	234.47	281	16	230	12.693	0.0453	0.7933
6	MT+	608	34.35	23.7	3	1016.7	1511.6	176.45	236	16	191	9.277	0.0549	0.5798
6	MT+	609	20.5	20.7	1	0	430.9	179.36	220	13	262	4.869	0.0386	0.3745
6	MT+	609	20.5	20.7	2	430.9	861.8	146.5	182	10	325	5.811	0.0533	0.5811
6	MT+	615	22.4	21.7	1	0	432.6	186.09	234	7	314	2.84	0.0203	0.4057
6	MT+	615	22.4	21.7	2	432.6	865.2	152.95	187	5	667	2.931	0.024	0.5862
6	MT+	616	26.5	23.5	1	0	433.1	224.54	291	11	237	8.155	0.0414	0.7414
6	MT+	616	26.5	23.5	2	433.1	866.2	193.89	230	8	297	6.909	0.0455	0.8636
6	MT+	616	26.5	23.5	3	863.4	1296.5	148.26	196	8	358	6.647	0.0554	0.8309
6	MT+	617	28.5	26.2	1	0	462.3	239.63	294	9	259	5.822	0.0247	0.6469
6	MT+	617	28.5	26.2	2	462.3	924.6	211.58	240	9	401	7.858	0.0365	0.8731
6	MT+	617	28.5	26.2	3	986.3	1448.6	171.55	211	11	313	5.059	0.0318	0.4599
6	MT+	618	33.3	23.6	1	0	436.5	290.99	344	12	215	13.702	0.0427	1.1418
6	MT+	618	33.3	23.6	2	436.5	873	256.6	286	11	195	19.818	0.0762	1.8016
6	MT+	618	33.3	23.6	3	865.2	1301.7	222.31	261	11	223	21.803	0.1024	1.9821
6	MT+	618	33.3	23.6	4	1327.5	1764	157.8	221	18	155	21.971	0.1365	1.2206
6	MT+	619	38.3	28.4	1	0	434.3	317.85	386	10	328	6.478	0.0166	0.6478
6	MT+	619	38.3	28.4	2	434.3	868.6	287.88	321	17	219	10.083	0.0256	0.5931
6	MT+	619	38.3	28.4	3	956.1	1390.4	226.92	288	9	411	6.441	0.0228	0.7157
6	MT+	619	38.3	28.4	4	1478.5	1912.8	148.92	230	11	303	6.193	0.0371	0.563
6	MT+	620	35.1	28.8	1	0	434.3	297.83	349	13	221	9.452	0.0277	0.7271
6	MT+	620	35.1	28.8	2	434.3	868.6	274.76	301	13	223	12.811	0.0445	0.9855
6	MT+	620	35.1	28.8	3	864.6	1298.9	232.28	268	16	194	16.724	0.0606	1.0453
6	MT+	620	35.1	28.8	4	1388.1	1822.4	171.82	232	15	220	17.341	0.0898	1.1561
6	MT+	621	33.7	27.2	1	0	432	286.84	344	10	291	7.857	0.0239	0.7857
6	MT+	621	33.7	27.2	2	432	864	254.89	293	8	369	13.04	0.0496	1.63
6	MT+	621	33.7	27.2	3	860.7	1292.7	214.13	257	12	306	13.143	0.0552	1.0953
6	MT+	621	33.7	27.2	4	1384.2	1816.2	153.94	217	12	260	13.138	0.0894	1.0948
6	MT+	622	31.3	27.7	1	0	523.5	244.73	322	20	178	10.167	0.0334	0.5084
6	MT+	622	31.3	27.7	2	523.5	1047	217.37	247	10	363	7.112	0.032	0.7112
6	MT+	622	31.3	27.7	3	1044.2	1567.7	177.48	218	15	224	9.195	0.0564	0.613
6	MT+	623	30.7	26.4	1	0	433.1	179.06	208	6	479	3.557	0.0278	0.5928
6	MT+	623	30.7	26.4	2	433.1	866.2	164.46	182	11	292	5.372	0.0459	0.4884
6	MT+	624	30.9	25.9	1	0	463.4	250.47	323	13	250	12.029	0.0437	0.9253
6	MT+	624	30.9	25.9	2	463.4	926.8	223.5	249	13	209	14.724	0.0711	1.1326
6	MT+	624	30.9	25.9	3	922.9	1386.3	175.35	213	12	279	8.86	0.0587	0.7383
6	MT+	625	39.2	25.5	1	0	490.4	243.4	291	13	258	9.993	0.0365	0.7687
6	MT+	625	39.2	25.5	2	490.4	980.8	211.23	243	9	375	8.856	0.0397	0.984
6	MT+	625	39.2	25.5	3	1011.6	1502	168.38	220	16	225	17.463	0.1105	1.0914
6	MT+	626	32.6	25.4	1	0	434.3	245.74	309	14	150	12.769	0.0499	0.9121
6	MT+	626	32.6	25.4	2	434.3	868.6	210.62	245	15	232	14.949	0.067	0.9966
6	MT+	626	32.6	25.4	3	957.8	1392.1	158.66	210	11	331	9.206	0.0594	0.8369
6	MT+	627	29.4	24.5	1	0	433.7	244.5	292	9	295	6.778	0.0284	0.7531
6	MT+	627	29.4	24.5	2	433.7	867.4	219.64	253	12	283	11.25	0.0528	0.9375
6	MT+	627	29.4	24.5	3	926.3	1360	164.08	215	11	315	7.818	0.0504	0.7107
6	MT+	628	33.7	24.7	1	0	493.2	247.42	337	20	128	21.82	0.0609	1.091
6	MT+	628	33.7	24.7	2	493.2	986.4	231.33	270	14	156	18.571	0.0833	1.3265
6	MT+	628	33.7	24.7	3	923.5	1416.7	175.91	237	12	206	20.653	0.1141	1.7211
6	MT+	629	20.7	22.2	1	0	464.6	170.21	226	9	241	4.005	0.0339	0.445
6	MT+	629	20.7	22.2	2	464.6	929.2	150.74	171	8	358	2.197	0.0247	0.2746
6	MT+	630	29.8	23.4	1	0	433.7	240.06	329	16	179	13.89	0.0567	0.8681
6	MT+	630	29.8	23.4	2	433.7	867.4	195.75	237	8	314	14.725	0.0856	1.8406
6	MT+	630	29.8	23.4	3	866.3	1300	147.39	200	11	259	13.443	0.1084	1.2221
6	MT+	631	25.3	22.1	1	0	524	205.81	264	13	289	7.396	0.0346	0.5689
6	MT+	631	25.3	22.1	2	524	1048	155.36	206	11	355	5.55	0.0402	0.5045
6	MT+	632	19.9	19	1	0	552.7	158.03	198	11	361	3.553	0.0259	0.323
6	MT+	633	24.7	21.7	1	0	494.3	208.29	250	9	328	4.669	0.0238	0.5188
6	MT+	633	24.7	21.7	2	494.3	988.6	161.97	206	9	357	3.379	0.0243	0.3754
6	MT+	634	25.4	22.5	1	0	464	213.43	302	14	232	6.079	0.0289	0.4342
6	MT+	634	25.4	22.5	2	464	928	187.42	218	9	319	5.961	0.0392	0.6623
6	MT+	634	25.4	22.5	3	894.3	1358.3	150.66	191	9	354	8.613	0.0743	0.957
6	MT+	635	29.8	22.2	1	0	553.2	255.4	326	14	277	9.64	0.0275	0.6886
6	MT+	635	29.8	22.2	2	553.2	1106.4	237.37	279	15	163	10.74	0.0475	0.716
6	MT+	635	29.8	22.2	3	987.5	1540.7	202.66	241	7	371	8.814	0.0518	1.2591
6	MT+	636	32.2	21.6	1	0	463.4	246.78	338	19	169	9.845	0.0345	0.5182
6	MT+	636	32.2	21.6	2	463.4	926.8	206.49	249	14	217	12.178	0.0603	0.8699
6	MT+	636	32.2	21.6	3	925.7	1389.1	145.97	203	12	198	9.029	0.0903	0.7524
6	MT+	637	24.9	20.6	1	0	494.3	205.69	285	18	172	9.776	0.0466	0.5431
6	MT+	637	24.9	20.6	2	494.3	988.6	159.07	208	9	391	4.98	0.033	0.5533
6	MT+	638	31.4	21.9	1	0	464.6	246.09	312	15	221	12.111	0.0444	0.8074
6	MT+	638	31.4	21.9	2	464.6	929.2	210.18	248	7	343	11.195	0.0608	1.5993
6	MT+	638	31.4	21.9	3	895.5	1360.1	154.28	210	15	189	19.818	0.1262	1.3212
6	MT+	639	30.9	21.3	1	0	494.9	230.69	313	15	196	13.997	0.0538	0.9331
6	MT+	639	30.9	21.3	2	494.9	989.8	194.2	226	9	268	13.699	0.089	1.5221
6	MT+	640	24.9	19.1	1	0	464	186.65	290	11	274	7.753	0.0448	0.7048
6	MT+	642	39.5	22.8	1	0	520.7	265.17	360	20	138	22.268	0.0574	1.1134
6	MT+	642	39.5	22.8	2	520.7	1041.4	226.64	281	12	221	19.239	0.0871	1.6033
6	MT+	642	39.5	22.8	3	980.2	1500.9	161.88	228	14	193	17.668	0.1162	1.262
6	MT+	643	32.9	21.2	1	0	431.5	263.24	335	15	184	10.461	0.0371	0.6974
6	MT+	643	32.9	21.2	2	431.5	863	214.93	263	11	302	16.768	0.0684	1.5244
6	MT+	644	26.6	20.3	1	0	524.6	198.54	316	13	304	8.316	0.0376	0.6397
6	MT+	644	26.6	20.3	2	524.6	1049.2	159.44	200	14	287	7.023	0.0516	0.5016
6	MT+	645	22.9	17.5	1	0	434.3	179.34	242	10	292	5.226	0.0379	0.5226
7	MT+	701	33	26.5	1	0	456.2	268.31	328	20	138	14.601	0.0469	0.7301
7	MT+	701	33	26.5	2	456.2	912.4	222.98	267	14	246	19.421	0.0711	1.3872
7	MT+	701	33	26.5	3	1004.4	1460.6	169.52	222	11	275	11.896	0.0788	1.0815
7	MT+	702	33	25.7	1	0	490.9	259.76	332	12	286	13.643	0.0425	1.1369
7	MT+	702	33	25.7	2	490.9	981.8	224.58	258	14	237	13.323	0.0572	0.9516
7	MT+	702	33	25.7	3	977.9	1468.8	168.41	222	15	240	14.12	0.0836	0.9413
7	MT+	703	27.9	25.3	1	0	460.1	221.43	310	11	289	7.199	0.0341	0.6545
7	MT+	703	27.9	25.3	2	460.1	891	193.06	226	16	166	13.067	0.0843	0.8167
7	MT+	703	27.9	25.3	3	891	1380.5	156.78	197	13	251	11.075	0.0915	0.8519
7	MT+	704	28.3	24.5	1	0	461.2	225.69	274	17	187	8.368	0.0393	0.4922
7	MT+	704	28.3	24.5	2	461.2	922.4	193.9	227	13	232	8.308	0.0539	0.6391
7	MT+	704	28.3	24.5	3	891	1352.2	154.16	196	12	255	7.22	0.0617	0.6017
7	MT+	705	33	26.2	1	0	458.4	260.34	327	20	114	16.514	0.0554	0.8257
7	MT+	705	33	26.2	2	458.4	916.8	247.83	267	14	224	19.856	0.0764	1.4183
7	MT+	705	33	26.2	3	947.1	1405.5	201.91	247	11	186	11.902	0.0633	1.082
7	MT+	706	26.3	23.1	1	0	488.7	212.97	296	9	181	4.829	0.0217	0.5366
7	MT+	706	26.3	23.1	2	488.7	977.4	173.72	216	20	204	8.356	0.0503	0.4178
7	MT+	707	25.9	24.9	1	0	488.7	201.57	271	11	301	8.755	0.0449	0.7959
7	MT+	707	25.9	24.9	2	488.7	977.4	167.47	202	13	246	11.981	0.0901	0.9216
7	MT+	708	30.6	25.4	1	0	487	233.98	286	17	209	11.018	0.0421	0.6481
7	MT+	708	30.6	25.4	2	487	974	201.84	236	12	280	12.569	0.0622	1.0474
7	MT+	708	30.6	25.4	3	1007.7	1494.7	160.3	206	15	220	12.259	0.0857	0.8173
7	MT+	709	28.3	24.3	1	0	490.4	221.9	272	12	278	6.952	0.031	0.5793
7	MT+	709	28.3	24.3	2	490.4	980.8	197.08	224	8	314	4.684	0.0296	0.5855
7	MT+	709	28.3	24.3	3	921.3	1411.7	158.56	196	8	295	5.985	0.0559	0.7481
7	MT+	710	42.8	27.4	1	0	490.4	316.72	410	23	122	17.843	0.0364	0.7758
7	MT+	710	42.8	27.4	2	490.4	980.8	280.44	323	14	235	13.693	0.0414	0.9781
7	MT+	710	42.8	27.4	3	951.6	1442	238.07	284	14	177	10.599	0.0433	0.7571
7	MT+	710	42.8	27.4	4	1383.6	1874	185.77	240	9	306	10.669	0.0659	1.1854
7	MT+	711	26.4	25.7	1	0	459.5	226.56	266	6	310	4.895	0.0227	0.8158
7	MT+	711	26.4	25.7	2	459.5	919	202.21	227	11	272	6.929	0.0379	0.6299
7	MT+	711	26.4	25.7	3	951	1410.5	159.33	205	9	360	7.432	0.0546	0.8258
7	MT+	712	23.9	22.2	1	0	459	203.85	251	11	265	5.083	0.029	0.4621
7	MT+	712	23.9	22.2	2	459	918	134.09	205	11	348	6.832	0.0435	0.6211
7	MT+	713	24.3	22.5	1	0	489.3	198.58	249	11	258	6.806	0.0393	0.6187
7	MT+	713	24.3	22.5	2	489.3	978.6	161.94	197	14	242	7.03	0.0529	0.5021
7	MT+	714	25.9	22.6	1	0	461.2	200.83	273	11	237	5.113	0.0286	0.4648
7	MT+	715	21.7	20.7	1	0	428.1	168.79	231	13	196	7.265	0.0577	0.5588
7	MT+	716	25.3	19.6	1	0	459	198.87	260	12	254	7.808	0.0449	0.6507
7	MT+	716	25.3	19.6	2	459	918	156.6	203	10	310	8.485	0.0707	0.8485
7	MT+	717	29.3	21.5	1	0	429.8	202.11	232	12	227	6.332	0.0386	0.5277
7	MT+	718	34.9	24.5	1	0	548.7	278.19	343	18	193	11.028	0.0278	0.6127
7	MT+	718	34.9	24.5	2	548.7	1097.4	227.32	278	10	326	15.162	0.0555	1.5162
7	MT+	719	34.2	24.5	1	0	489.3	269.39	339	17	192	16.694	0.0517	0.982
7	MT+	719	34.2	24.5	2	489.3	978.6	223.87	264	18	145	15.918	0.072	0.8843
7	MT+	719	34.2	24.5	3	946.6	1435.9	154.06	219	15	199	14.119	0.0967	0.9413
7	MT+	720	27.3	22.6	1	0	488.7	215.89	294	16	205	12.042	0.055	0.7526
7	MT+	720	27.3	22.6	2	488.7	977.4	165.77	216	12	284	11.57	0.0681	0.9642
7	MT+	720	27.3	22.6	3	1038	1526.7	148.45	178	7	211	6.525	0.1052	0.9321
7	MT+	721	33	25.2	1	0	490.4	276.24	339	13	271	10.509	0.0295	0.8084
7	MT+	721	33	25.2	2	490.4	980.8	239.52	278	16	148	12.289	0.0457	0.7681
7	MT+	721	33	25.2	3	981.9	1472.3	175.89	245	16	209	13.794	0.0686	0.8621
7	MT+	722	36.8	26.1	1	0	492.1	250.6	300	12	205	19.128	0.0633	1.594
7	MT+	722	36.8	26.1	2	492.1	984.2	180.82	247	17	135	28.636	0.1432	1.6845
7	MT+	723	36.4	23.8	1	0	492.6	278.79	323	15	217	10.59	0.0297	0.706
7	MT+	723	36.4	23.8	2	492.6	985.2	228.72	279	11	274	15.129	0.0542	1.3754
7	MT+	723	36.4	23.8	3	1011	1503.6	162.26	241	13	231	17.562	0.1058	1.3509
7	MT+	724	35.1	24.6	1	0	489.8	284.43	356	12	241	11.411	0.0303	0.9509
7	MT+	725	41.8	26.4	1	0	490.9	297.93	417	16	203	16.752	0.0365	1.047
7	MT+	725	41.8	26.4	2	490.9	981.8	252.19	299	9	337	19.348	0.0622	2.1498
7	MT+	725	41.8	26.4	3	983	1473.9	185.01	255	9	362	20.672	0.0989	2.2969
7	MT+	726	28.8	23.4	1	0	493.7	241.09	281	12	263	13.595	0.0493	1.1329
7	MT+	726	28.8	23.4	2	493.7	987.4	239.41	276	14	232	8.358	0.0323	0.597
7	MT+	726	28.8	23.4	3	983.5	1477.2	200.11	240	12	259	9.052	0.0469	0.7543
7	MT+	727	28	24.3	1	0	519	215.98	268	20	133	17.294	0.0745	0.8647
7	MT+	727	28	24.3	2	519	1038	198.56	217	11	211	15.823	0.1014	1.4385
7	MT+	727	28	24.3	3	978	1497	148.61	190	12	211	12.564	0.103	1.047
7	MT+	728	34.3	28.2	1	0	458.4	272.47	364	17	148	12.922	0.0388	0.7601
7	MT+	728	34.3	28.2	2	458.4	916.8	246.78	272	12	263	13.881	0.0508	1.1568
7	MT+	728	34.3	28.2	3	949.3	1407.7	210.26	248	7	329	12.266	0.0652	1.7523
7	MT+	729	29.3	24.9	1	0	490.9	220.84	293	16	92	10.478	0.0424	0.6549
7	MT+	729	29.3	24.9	2	490.9	981.8	197.83	227	16	165	12.521	0.0803	0.7826
7	MT+	729	29.3	24.9	3	917.9	1408.8	157.36	196	10	298	11.469	0.0964	1.1469
7	MT+	730	34.7	26.3	1	0	461.8	263.73	357	16	201	12.715	0.0385	0.7947
7	MT+	730	34.7	26.3	2	461.8	923.6	228.17	267	11	288	14.491	0.0589	1.3174
7	MT+	730	34.7	26.3	3	953.9	1415.7	172.23	230	13	248	10.791	0.0654	0.8301
7	MT+	731	37.4	27.2	1	0	492.1	295.09	359	22	139	15.514	0.0379	0.7052
7	MT+	731	37.4	27.2	2	492.1	984.2	260.28	299	12	265	11.504	0.0375	0.9587
7	MT+	731	37.4	27.2	3	983	1475.1	201.86	259	10	241	12.068	0.0609	1.2068
7	MT+	732	34.9	25.6	1	0	489.8	267.19	334	17	193	13.231	0.0384	0.7783
7	MT+	732	34.9	25.6	2	489.8	979.6	226.96	265	12	271	10.471	0.0434	0.8726
7	MT+	732	34.9	25.6	3	980.7	1470.5	167.97	226	10	327	10.4	0.0591	1.04
7	MT+	733	30.9	26.6	1	0	459.5	247.29	342	13	203	14.88	0.0537	1.1446
7	MT+	733	30.9	26.6	2	459.5	919	214.78	249	11	301	18.155	0.0852	1.6505
7	MT+	733	30.9	26.6	3	947.6	1407.1	171.41	218	11	281	19.805	0.1193	1.8005
8	Peat	801	30.4	26.7	1	0	463.4	188.29	222	11	253	3.896	0.0247	0.3542
8	Peat	802	34.2	26.5	1	0	554.3	263.92	362	21	186	10.122	0.0268	0.482
8	Peat	802	34.2	26.5	2	554.3	1108.6	213.78	266	12	315	11.568	0.0454	0.964
8	Peat	802	34.2	26.5	3	1106.4	1660.7	158.92	213	13	225	8.799	0.0607	0.6768
8	Peat	803	28.8	24.7	1	0	551.5	223.81	278	16	251	6.219	0.0229	0.3887
8	Peat	803	28.8	24.7	2	551.5	1103	185.17	227	9	434	4.65	0.0247	0.5167
8	Peat	804	27.4	23	1	0	462.9	220.26	298	16	213	7.251	0.0359	0.4532
8	Peat	804	27.4	23	2	462.9	925.8	189.1	222	12	281	7.763	0.0501	0.6469
8	Peat	804	27.4	23	3	926.9	1389.8	150.31	190	12	227	6.601	0.0674	0.5501
8	Peat	805	27.1	26.8	1	0	493.2	226.03	259	10	352	4.895	0.0218	0.4895
8	Peat	805	27.1	26.8	2	493.2	986.4	196.35	227	10	326	5.671	0.033	0.5671
8	Peat	805	27.1	26.8	3	984.1	1477.3	155.94	196	8	415	6.84	0.057	0.855
8	Peat	806	23.8	22.3	1	0	430.3	173.09	202	6	485	4.144	0.0345	0.6907
8	Peat	806	23.8	22.3	2	430.3	860.6	154.51	189	8	421	2.525	0.019	0.3156
8	Peat	807	27.8	26	1	0	554.3	224.64	284	10	315	8.177	0.0313	0.8177
8	Peat	807	27.8	26	2	554.3	1108.6	192.71	233	8	370	5.345	0.0313	0.6681
8	Peat	807	27.8	26	3	1018.9	1573.2	156.3	194	7	435	4.888	0.0475	0.6983
8	Peat	808	22.8	22.5	1	0	554.3	190.78	241	9	382	3.879	0.0214	0.431
8	Peat	808	22.8	22.5	2	554.3	1108.6	148.13	192	7	401	2.624	0.0255	0.3749
8	Peat	809	34.3	22.6	1	0	430.9	265.35	349	13	185	17.171	0.0569	1.3208
8	Peat	809	34.3	22.6	2	430.9	861.8	212.13	265	13	202	20.344	0.0892	1.5649
8	Peat	809	34.3	22.6	3	923.5	1354.4	149.49	206	11	205	14.314	0.1278	1.3013
8	Peat	810	37	23.4	1	0	553.8	263.83	374	16	179	26.819	0.0645	1.6762
8	Peat	810	37	23.4	2	553.8	1107.6	214.92	265	14	161	23.216	0.1144	1.6583
8	Peat	810	37	23.4	3	983.6	1537.4	146.23	212	17	155	17.914	0.128	1.0538
8	Peat	811	22.8	22.1	1	0	429.8	209.24	294	8	264	4.444	0.0255	0.5555
8	Peat	811	22.8	22.1	2	429.8	859.6	181.84	225	5	301	2.125	0.0152	0.425
8	Peat	811	22.8	22.1	3	894.4	1324.2	152.62	176	2	376	0.924	0.0087	0.462
8	Peat	812	35.9	25.4	1	0	551.5	258.76	337	16	225	12.895	0.0346	0.8059
8	Peat	812	35.9	25.4	2	551.5	1103	208.01	254	12	217	10.477	0.0501	0.8731
8	Peat	812	35.9	25.4	3	1013.8	1565.3	157.21	209	8	244	10.599	0.0891	1.3249
8	Peat	813	29.2	22.5	1	0	493.2	221.9	305	13	256	10.39	0.0409	0.7992
8	Peat	813	29.2	22.5	2	493.2	986.4	172.68	220	14	254	12.927	0.073	0.9234
8	Peat	814	29	21.5	1	0	464.6	223.53	335	11	272	6.272	0.0257	0.5702
8	Peat	814	29	21.5	2	464.6	929.2	175.25	232	12	299	8.546	0.047	0.7122
8	Peat	815	21.7	18.6	1	0	552.1	156.93	232	19	174	11.663	0.0799	0.6138
8	Peat	816	33.5	21.5	1	0	553.2	253.94	360	18	194	20.157	0.054	1.1198
8	Peat	816	33.5	21.5	2	553.2	1106.4	205.58	256	13	223	14.697	0.0659	1.1305
8	Peat	816	33.5	21.5	3	1077.2	1630.4	137.88	206	12	241	11.298	0.0982	0.9415
8	Peat	817	32.6	21.3	1	0	552.1	242.25	297	18	185	10.632	0.0342	0.5907
8	Peat	817	32.6	21.3	2	552.1	1104.2	185.19	239	8	456	3.41	0.0166	0.4263
8	Peat	818	23.4	21.1	1	0	490.4	178.5	252	15	222	5.521	0.0327	0.3681
8	Peat	818	23.4	21.1	2	490.4	980.8	149.44	188	7	399	2.924	0.0292	0.4177
8	Peat	819	22.4	18.9	1	0	552.1	166.79	223	15	236	6.808	0.0457	0.4539
8	Peat	820	37.1	24	1	0	464	278.24	345	14	174	16.292	0.0485	1.1637
8	Peat	820	37.1	24	2	464	928	231.31	275	16	165	16.537	0.0636	1.0336
8	Peat	820	37.1	24	3	957.7	1421.7	170.01	233	10	274	6.22	0.0384	0.622
8	Peat	821	32.2	23.8	1	0	434.3	252.93	310	18	139	14.343	0.0545	0.7968
8	Peat	821	32.2	23.8	2	434.3	868.6	161.48	208	9	285	9.15	0.0763	1.0167
8	Peat	822	35.5	25.4	1	0	427	238.99	280	9	225	12.284	0.0534	1.3649
8	Peat	822	35.5	25.4	2	427	854	175.16	240	11	294	15.415	0.0756	1.4014
8	Peat	823	25.6	20.5	1	0	464	211.47	275	8	302	3.174	0.0167	0.3968
8	Peat	823	25.6	20.5	2	464	928	165.27	207	5	260	2.572	0.0161	0.5144
8	Peat	824	25.9	23.3	1	0	554.3	216.91	302	14	304	10.479	0.0421	0.7485
8	Peat	824	25.9	23.3	2	554.3	1108.6	169.08	218	12	328	5.81	0.0336	0.4842
8	Peat	825	22.1	21.8	1	0	462.9	187.6	242	15	214	10.576	0.07	0.7051
8	Peat	826	23.9	21.2	1	0	551.5	182.89	258	12	313	7.646	0.0407	0.6372
8	Peat	826	23.9	21.2	2	551.5	1103	142.47	189	7	401	3.639	0.0357	0.5199
8	Peat	827	25	22.3	1	0	554.3	199.74	266	14	243	9.364	0.0428	0.6689
8	Peat	827	25	22.3	2	554.3	1108.6	160.63	205	8	443	9.297	0.0641	1.1621
8	Peat	828	34.3	24.1	1	0	551	260.89	329	16	229	14.733	0.0422	0.9208
8	Peat	828	34.3	24.1	2	551	1102	213.1	264	14	262	14.318	0.0557	1.0227
8	Peat	828	34.3	24.1	3	1103.1	1654.1	201.18	239	11	274	8.714	0.0531	0.7922
8	Peat	828	34.3	24.1	4	1531.8	2082.8	156.27	217	12	289	11.11	0.0794	0.9258
8	Peat	829	26.8	21.4	1	0	463.4	216.01	265	15	199	8.928	0.044	0.5952
8	Peat	829	26.8	21.4	2	463.4	926.8	164.39	218	11	304	8.388	0.0521	0.7625
8	Peat	830	27.9	22.4	1	0	461.8	215.32	296	12	247	6.323	0.0308	0.5269
8	Peat	830	27.9	22.4	2	461.8	923.6	175.61	213	10	359	6.819	0.0413	0.6819
8	Peat	831	24.8	21.6	1	0	493.7	212.08	250	11	321	6.657	0.0336	0.6052
8	Peat	831	24.8	21.6	2	493.7	987.4	160.46	212	12	329	6.565	0.0413	0.5471
8	Peat	832	26.7	21.7	1	0	462.3	213.07	222	14	191	17.737	0.0969	1.2669
8	Peat	832	26.7	21.7	2	462.3	924.6	173.41	214	17	215	16.066	0.0951	0.9451
8	Peat	833	36.3	24.8	1	0	553.2	241.41	320	13	284	9.743	0.0305	0.7495
8	Peat	833	36.3	24.8	2	553.2	1106.4	199.22	241	7	307	13.09	0.0775	1.87
8	Peat	833	36.3	24.8	3	984.7	1537.9	149.25	202	6	408	9.529	0.0899	1.5882
8	Peat	834	37.7	27.3	1	0	552.7	308.1	391	18	187	20.956	0.0422	1.1642
8	Peat	834	37.7	27.3	2	552.7	1105.4	265.63	309	13	139	13.526	0.0459	1.0405
8	Peat	835	33.5	24.7	1	0	551	210.06	257	7	488	9.552	0.039	1.3646
8	Peat	835	33.5	24.7	2	551	1102	150.9	210	10	320	9.393	0.0712	0.9393
8	Peat	836	44.9	28.1	1	0	431.5	363.16	488	17	149	12.385	0.0231	0.7285
8	Peat	836	44.9	28.1	2	431.5	863	331.06	368	16	184	17.644	0.0323	1.1028
8	Peat	836	44.9	28.1	3	983	1414.5	259.86	324	13	174	22.456	0.0643	1.7274
8	Peat	836	44.9	28.1	4	1477.9	1909.4	162.23	236	10	206	20.78	0.1123	2.078
8	Peat	837	32.4	26.8	1	0	552.1	255.39	329	12	317	11.304	0.0317	0.942
8	Peat	837	32.4	26.8	2	552.1	1104.2	224.87	261	10	311	10.143	0.0426	1.0143
8	Peat	837	32.4	26.8	3	1042.5	1594.6	165.54	224	8	415	9.741	0.0563	1.2176
8	Peat	838	31.1	22.2	1	0	551.5	234.53	326	17	223	11.936	0.0386	0.7021
8	Peat	838	31.1	22.2	2	551.5	1103	185.97	235	11	304	8.908	0.045	0.8098
8	Peat	838	31.1	22.2	3	1103.6	1655.1	136.51	185	8	309	6.742	0.071	0.8428
8	Peat	839	26.1	20.8	1	0	551.5	202.94	290	9	306	4.615	0.0202	0.5128
8	Peat	839	26.1	20.8	2	551.5	1103	155.02	203	9	416	5.936	0.0383	0.6596
9	MT	901	26	26.1	1	0	518.4	216.19	266	8	393	5.272	0.0245	0.659
9	MT	901	26	26.1	2	518.4	1036.8	191.24	218	10	374	5.471	0.0338	0.5471
9	MT	901	26	26.1	3	1007.7	1526.1	156.07	192	8	380	6.571	0.0539	0.8214
9	MT	902	26.4	25	1	0	549.9	196.77	289	15	257	11.018	0.0477	0.7345
9	MT	903	29.8	24.6	1	0	546.5	232.32	296	16	254	9.542	0.033	0.5964
9	MT	903	29.8	24.6	2	546.5	1093	191.59	230	8	353	10.149	0.0537	1.2686
9	MT	904	37.5	26.6	1	0	552.7	310.03	377	30	112	24.888	0.0507	0.8296
9	MT	904	37.5	26.6	2	552.7	1105.4	240.61	312	21	157	23.193	0.067	1.1044
9	MT	904	37.5	26.6	3	1103.7	1656.4	176.1	241	19	187	12.945	0.0654	0.6813
9	MT	905	24.1	23.5	1	0	516.2	178.74	258	10	351	4.114	0.0243	0.4114
9	MT	906	33.4	25.8	1	0	551.5	262.03	329	21	189	14.031	0.0381	0.6681
9	MT	906	33.4	25.8	2	551.5	1103	213.99	263	10	327	11.617	0.0501	1.1617
9	MT	906	33.4	25.8	3	1040.8	1592.3	153.31	214	15	240	11.209	0.0728	0.7473
9	MT	907	29.9	23.2	1	0	517.9	229.34	299	16	178	10.857	0.0426	0.6786
9	MT	907	29.9	23.2	2	517.9	1035.8	192.43	232	10	320	6.256	0.0381	0.6256
9	MT	907	29.9	23.2	3	978	1495.9	144.47	193	9	244	6.775	0.0691	0.7528
9	MT	908	31.3	25.8	1	0	489.3	240.12	316	14	257	6.794	0.0246	0.4853
9	MT	908	31.3	25.8	2	489.3	978.6	208.46	242	10	383	7.079	0.0326	0.7079
9	MT	908	31.3	25.8	3	1038.6	1527.9	151.62	210	14	286	8.807	0.0561	0.6291
9	MT	909	32.2	25.2	1	0	487.6	236.27	299	15	240	8.388	0.0321	0.5592
9	MT	909	32.2	25.2	2	487.6	975.2	200.92	239	8	335	4.736	0.0282	0.592
9	MT	909	32.2	25.2	3	916.8	1404.4	150.39	202	12	337	6.244	0.0449	0.5203
9	MT	910	22.3	21.9	1	0	549.3	235.02	284	24	133	16.763	0.0519	0.6985
9	MT	910	22.3	21.9	2	549.3	1098.6	181.7	225	6	410	2.083	0.0167	0.3472
9	MT	910	22.3	21.9	3	958.3	1507.6	152.85	181	9	444	1.877	0.0149	0.2086
9	MT	911	31	25	1	0	521.2	217.61	302	17	200	11.48	0.044	0.6753
9	MT	911	31	25	2	521.2	1042.4	193.95	217	8	372	6.492	0.0442	0.8115
9	MT	911	31	25	3	950.4	1471.6	151.1	196	13	297	5.522	0.0438	0.4248
9	MT	912	29.7	25.2	1	0	547	234.92	293	13	296	7.031	0.0237	0.5408
9	MT	912	29.7	25.2	2	547	1094	151.6	201	9	467	4.118	0.029	0.4576
9	MT	913	23.1	21.2	1	0	425.3	183.35	224	11	231	4.911	0.0366	0.4465
9	MT	913	23.1	21.2	2	425.3	850.6	155.07	185	9	328	3.916	0.04	0.4351
9	MT	914	28.9	24.3	1	0	458.4	222	309	12	244	8.316	0.0376	0.693
9	MT	914	28.9	24.3	2	458.4	916.8	195.2	224	7	369	4.943	0.0323	0.7061
9	MT	914	28.9	24.3	3	888.2	1346.6	157.07	199	11	381	8.816	0.0648	0.8015
9	MT	915	21.5	21.1	1	0	551.5	154.5	222	10	382	4.274	0.0324	0.4274
9	MT	916	27.7	25.5	1	0	428.7	223.41	264	11	274	7.769	0.0398	0.7063
9	MT	916	27.7	25.5	2	428.7	857.4	193.37	221	12	290	10.756	0.0604	0.8963
9	MT	916	27.7	25.5	3	948.8	1377.5	158.81	194	10	328	7.358	0.0566	0.7358
9	MT	917	36.5	27.1	1	0	548.7	283.46	398	17	218	9.46	0.0219	0.5565
9	MT	917	36.5	27.1	2	548.7	1097.4	248.17	286	11	281	9.594	0.0305	0.8722
9	MT	917	36.5	27.1	3	1099.1	1647.8	202.33	249	10	271	8.501	0.0457	0.8501
9	MT	918	41.4	28	1	0	544.8	319.96	435	25	117	33.647	0.0577	1.3459
9	MT	918	41.4	28	2	544.8	1089.6	268.8	329	23	95	29.057	0.0816	1.2633
9	MT	918	41.4	28	3	1034.6	1579.4	219.61	269	14	190	25.52	0.1086	1.8229
9	MT	918	41.4	28	4	1523.3	2068.1	147.33	232	15	183	19.907	0.1345	1.3271
9	MT	919	27.3	24.7	1	0	548.7	218.25	282	15	236	8.733	0.034	0.5822
9	MT	919	27.3	24.7	2	548.7	1097.4	194.13	222	8	282	7.231	0.0485	0.9039
9	MT	919	27.3	24.7	3	979.6	1528.3	150.23	195	9	327	6.102	0.0526	0.678
9	MT	920	30.5	25.7	1	0	549.9	235.93	308	20	200	11.652	0.0395	0.5826
9	MT	920	30.5	25.7	2	549.9	1099.8	207.42	237	10	282	7.862	0.0454	0.7862
9	MT	921	35.4	25	1	0	547.6	278.87	340	25	130	17.342	0.0414	0.6937
9	MT	921	35.4	25	2	547.6	1095.2	225.87	278	15	232	12.337	0.0444	0.8225
9	MT	921	35.4	25	3	1099.1	1646.7	152.13	226	14	205	12.563	0.0761	0.8974
9	MT	922	26.8	24.4	1	0	548.7	215.41	289	13	335	8.314	0.0337	0.6395
9	MT	922	26.8	24.4	2	548.7	1097.4	173.37	215	12	344	8.282	0.049	0.6902
9	MT	923	27.3	21.4	1	0	546.5	190.56	262	14	262	10.173	0.0494	0.7266
9	MT	923	27.3	21.4	2	546.5	1093	154.07	193	7	465	6.626	0.0543	0.9466
9	MT	924	27	25.7	1	0	551	279.6	315	30	96	17.123	0.044	0.5708
9	MT	924	27	25.7	2	551	1102	257.21	303	14	234	14.963	0.046	1.0688
9	MT	925	29.1	24.1	1	0	547	235.24	306	12	347	7.926	0.0275	0.6605
9	MT	925	29.1	24.1	2	547	1094	152.61	203	10	330	7.785	0.0683	0.7785
9	MT	926	27.9	26	1	0	548.2	222.28	288	13	317	7.36	0.0289	0.5662
9	MT	926	27.9	26	2	548.2	1096.4	185.06	222	11	339	8.893	0.0483	0.8085
9	MT	927	22	24.5	1	0	459	182.9	226	11	245	7.586	0.0523	0.6896
9	MT	927	22	24.5	2	459	918	157.42	187	15	261	8.001	0.063	0.5334
9	MT	928	33.6	25.4	1	0	488.1	285.39	356	16	174	17.578	0.0466	1.0986
9	MT	928	33.6	25.4	2	488.1	976.2	245.47	286	17	200	20.935	0.0665	1.2315
9	MT	928	33.6	25.4	3	1036.3	1524.4	175.49	244	13	242	18.326	0.0907	1.4097
9	MT	929	35.4	27.1	1	0	520.1	294.01	348	15	220	13.672	0.0324	0.9115
9	MT	929	35.4	27.1	2	520.1	1040.2	212.35	280	18	183	13.267	0.0486	0.7371
9	MT	929	35.4	27.1	3	1070	1590.1	146.96	210	15	208	11.403	0.0826	0.7602
9	MT	930	33.6	28.3	1	0	547	268.68	388	15	232	12.547	0.0295	0.8365
9	MT	930	33.6	28.3	2	547	1094	235.32	284	9	323	12.628	0.0454	1.4031
9	MT	930	33.6	28.3	3	1066.6	1613.6	175.72	238	11	288	13.704	0.0692	1.2458
10	MT	1001	56.9	32.3	1	0	490.9	387.72	434	16	113	41.185	0.0612	2.5741
10	MT	1001	56.9	32.3	2	490.9	981.8	328.69	389	14	162	36.45	0.073	2.6036
10	MT	1001	56.9	32.3	3	952.1	1443	252.86	325	12	173	35.552	0.1197	2.9627
10	MT	1002	55.1	33.7	2	550	1072.6	341.32	407	21	89	47.759	0.0751	2.2742
10	MT	1002	55.1	33.7	3	1072.6	1621.9	257.32	354	20	126	41.972	0.0997	2.0986
10	MT	1003	32.7	31.2	1	0	430.9	274.74	379	6	544	4.169	0.0138	0.6948
10	MT	1003	32.7	31.2	2	430.9	861.8	246.79	281	16	219	13.01	0.0428	0.8131
10	MT	1003	32.7	31.2	3	948.2	1379.1	213	249	13	202	8.477	0.0461	0.6521
10	MT	1004	40.8	31.5	1	0	548.7	330.41	420	17	175	21.228	0.0368	1.2487
10	MT	1004	40.8	31.5	2	548.7	1097.4	292.07	340	21	125	30.093	0.0711	1.433
10	MT	1004	40.8	31.5	3	1067.1	1615.8	248.74	299	16	142	25.756	0.0979	1.6098
10	MT	1004	40.8	31.5	4	1499.1	2047.8	242.3	274	12	170	17.107	0.0701	1.4256
10	MT	1005	46	32.4	1	0	549.9	359.69	479	17	174	24.532	0.0372	1.4431
10	MT	1005	46	32.4	2	549.9	1099.8	318.07	370	26	82	38.107	0.0638	1.4657
10	MT	1005	46	32.4	3	1100.9	1650.8	273.13	323	10	199	26.762	0.0818	2.6762
10	MT	1005	46	32.4	4	1561.5	2111.4	209.29	277	10	226	26.623	0.1305	2.6623
10	MT	1006	42.9	28.5	1	0	547.6	351.63	433	15	252	14.724	0.0233	0.9816
10	MT	1006	42.9	28.5	2	547.6	1095.2	296.99	358	22	138	28.965	0.0596	1.3166
10	MT	1006	42.9	28.5	3	1098	1645.6	224.71	304	17	174	28.11	0.0887	1.6535
10	MT	1007	46.5	32.4	1	0	428.7	382.18	472	10	241	18.556	0.0315	1.8556
10	MT	1007	46.5	32.4	2	428.7	857.4	246.04	266	14	157	16.647	0.057	1.1891
10	MT	1007	46.5	32.4	3	918.5	1347.2	199.35	250	13	166	15.689	0.0862	1.2068
10	MT	1007	46.5	32.4	4	1348.8	1777.5	182.48	246	14	164	19.228	0.0991	1.3734
10	MT	1008	51.5	30.6	1	0	515.6	417.55	517	12	252	14.523	0.0174	1.2103
10	MT	1008	51.5	30.6	2	515.6	1031.2	374.18	423	15	178	30.144	0.0483	2.0096
10	MT	1008	51.5	30.6	3	1006.5	1522.1	308.18	369	22	130	35.833	0.0708	1.6288
10	MT	1009	39.7	29.6	1	0	552.7	282.34	334	16	227	24.584	0.0564	1.5365
10	MT	1009	39.7	29.6	2	552.7	1105.4	226.32	284	20	130	35.257	0.1148	1.7629
10	MT	1009	39.7	29.6	3	1102.6	1655.3	159.84	226	17	160	23.305	0.1677	1.3709
10	MT	1010	55.2	33	1	0	548.7	394.21	430	23	99	45.148	0.0595	1.963
10	MT	1010	55.2	33	2	548.7	1097.4	325.4	391	17	155	41.697	0.0712	2.4528
10	MT	1010	55.2	33	3	1098.6	1647.3	253.55	335	13	239	40.464	0.1082	3.1126
10	MT	1011	34.7	30.9	1	0	551	277.95	354	15	269	9.857	0.0239	0.6571
10	MT	1011	34.7	30.9	2	551	1102	245.47	283	19	181	12.076	0.0434	0.6356
10	MT	1011	34.7	30.9	3	1040.3	1591.3	163.31	222	14	278	9.825	0.061	0.7018
10	MT	1012	34.6	29.5	1	0	490.9	294.94	340	12	273	13.39	0.0356	1.1158
10	MT	1012	34.6	29.5	2	490.9	981.8	261.65	316	19	172	21.072	0.0589	1.1091
10	MT	1012	34.6	29.5	3	1039.6	1530.5	220.36	270	10	241	11.639	0.0557	1.1639
10	MT	1013	58.5	32.8	1	0	551	412.25	479	22	101	45.217	0.0536	2.0553
10	MT	1013	58.5	32.8	2	551	1102	268.19	346	15	210	31.783	0.0809	2.1189
10	MT	1014	27.5	29.3	1	0	548.7	227.24	282	12	349	6.529	0.0266	0.5441
10	MT	1015	28.3	28.5	1	0	427.5	227.63	306	10	229	6.544	0.0316	0.6544
10	MT	1015	28.3	28.5	2	427.5	855	202.47	229	9	307	5.534	0.035	0.6149
10	MT	1015	28.3	28.5	3	855.6	1283.1	166.48	205	11	350	6.268	0.0394	0.5698
10	MT	1016	29.8	29.2	1	0	429.8	204.97	244	10	295	6.477	0.0377	0.6477
10	MT	1016	29.8	29.2	2	429.8	859.6	164.04	204	8	367	5.65	0.0425	0.7063
10	MT	1017	51.1	31.4	1	0	522.4	400.58	499	18	85	49.656	0.0604	2.7587
10	MT	1017	51.1	31.4	2	522.4	1044.8	345.88	389	14	106	37.295	0.0746	2.6639
10	MT	1017	51.1	31.4	3	972.9	1495.3	291.6	367	9	149	36.451	0.0975	4.0501
10	MT	1017	51.1	31.4	4	1403.2	1925.6	237.4	297	15	141	46.183	0.1598	3.0789
10	MT	1017	51.1	31.4	5	1891.3	2413.7	154.63	234	18	135	31.132	0.172	1.7296
10	MT	1018	35.9	27.4	1	0	429.8	288.35	362	16	177	7.194	0.0211	0.4496
10	MT	1018	35.9	27.4	2	429.8	859.6	260.97	293	14	213	7.279	0.0281	0.5199
10	MT	1018	35.9	27.4	3	859.6	1289.4	210.79	258	13	234	6.635	0.0349	0.5104
10	MT	1019	21.8	18.6	1	0	548.2	168.58	239	8	507	4.064	0.0266	0.508
10	MT	1019	21.8	18.6	2	548.2	1096.4	141.98	175	7	405	2.57	0.0289	0.3671
10	MT	1020	21.8	22.4	1	0	430.3	193.23	235	6	260	4.274	0.0293	0.7123
10	MT	1020	21.8	22.4	2	430.3	860.6	165.42	195	7	428	2.76	0.0246	0.3943
10	MT	1021	24.7	24.1	1	0	457.8	202.75	297	7	309	3.425	0.0188	0.4893
10	MT	1021	24.7	24.1	2	457.8	915.6	162.17	208	7	559	2.296	0.0152	0.328
10	MT	1022	33.1	26	1	0	488.1	280.29	357	13	213	12.687	0.0351	0.9759
10	MT	1022	33.1	26	2	488.1	976.2	246.57	287	10	233	17.023	0.065	1.7023
10	MT	1022	33.1	26	3	947.6	1435.7	186.68	247	13	255	21.032	0.0974	1.6178
10	MT	1022	33.1	26	4	1495.2	1983.3	125.3	191	8	325	6.793	0.0738	0.8491
10	MT	1023	32.1	25.7	1	0	459.5	263.75	320	14	245	6.445	0.021	0.4604
10	MT	1023	32.1	25.7	2	459.5	919	144.22	225	10	308	9.769	0.063	0.9769
10	MT	1024	26	23.2	1	0	429.8	207.01	259	3	227	1.783	0.0103	0.5943
10	MT	1024	26	23.2	2	429.8	859.6	164.06	207	8	413	3.649	0.0234	0.4561
10	MT	1026	20	19.5	1	0	440.4	155.99	216	14	202	5.201	0.0482	0.3715
10	MT	1027	21.1	19.8	1	0	548.2	172.44	211	11	199	6.134	0.0423	0.5576
10	MT	1028	28.1	25.2	1	0	518.4	222.48	275	13	246	9.147	0.0356	0.7036
10	MT	1028	28.1	25.2	2	518.4	1036.8	196.26	234	13	312	5.496	0.0252	0.4228
10	MT	1029	25.3	23.8	1	0	547.6	206.89	261	13	308	7.198	0.0318	0.5537
10	MT	1029	25.3	23.8	2	547.6	1095.2	165.67	214	14	256	6.993	0.0445	0.4995
10	MT	1030	32.5	28	1	0	549.9	248.76	356	17	176	16.97	0.0507	0.9982
10	MT	1030	32.5	28	2	549.9	1099.8	222.66	258	10	271	13.536	0.0657	1.3536
10	MT	1031	25.9	25.3	1	0	428.7	212.72	272	12	195	8.714	0.0495	0.7262
10	MT	1031	25.9	25.3	2	428.7	857.4	175.13	216	14	277	10.473	0.0627	0.7481
10	MT	1031	25.9	25.3	3	976.9	1405.6	143.04	182	10	268	5.008	0.055	0.5008
10	MT	1032	31.4	27	1	0	488.7	248.15	317	20	143	16.074	0.055	0.8037
10	MT	1032	31.4	27	2	488.7	977.4	225.34	250	10	246	11.263	0.0596	1.1263
10	MT	1032	31.4	27	3	918.5	1407.2	161.59	217	10	288	11.81	0.0787	1.181
10	MT	1033	21	19.6	1	0	547	171.8	214	13	272	5.457	0.0345	0.4198
10	MT	1035	25.5	15.3	1	0	489.3	199.04	272	11	266	6.059	0.0317	0.5508
10	MT	1035	25.5	15.3	2	489.3	978.6	144.24	206	6	342	4.696	0.0423	0.7827
10	MT	1036	33.2	27.8	1	0	521.2	278.87	338	13	283	9.902	0.0261	0.7617
10	MT	1036	33.2	27.8	2	521.2	1042.4	243.07	281	10	358	12.315	0.0412	1.2315
10	MT	1036	33.2	27.8	3	1069.9	1591.1	194.9	242	14	239	8.544	0.0436	0.6103
10	MT	1037	32.6	29.4	1	0	520.7	261.74	323	15	217	8.446	0.0247	0.5631
10	MT	1037	32.6	29.4	2	520.7	1041.4	237.42	264	12	226	7.913	0.0375	0.6594
10	MT	1037	32.6	29.4	3	951	1471.7	193.6	238	8	234	10.153	0.0577	1.2691
10	MT	1038	24.3	27.7	1	0	520.1	202.24	254	6	552	4.305	0.0223	0.7175
10	MT	1038	24.3	27.7	2	520.1	1040.2	173.61	202	12	339	3.952	0.0252	0.3293
10	MT	1038	24.3	27.7	3	1069.4	1589.5	148.27	174	5	597	2.773	0.0301	0.5546
10	MT	1039	22.9	22.6	1	0	460.6	195.08	252	8	383	5.427	0.0337	0.6784
10	MT	1040	41.6	30.7	1	0	522.4	336.7	429	19	150	21.575	0.039	1.1355
10	MT	1040	41.6	30.7	2	522.4	1044.8	258.96	302	8	290	12.696	0.046	1.587
10	MT	1041	25.6	27.5	1	0	522.9	300.57	339	13	248	15.766	0.0357	1.2128
10	MT	1042	33.7	30.6	1	0	428.1	287.27	331	9	255	7.49	0.0239	0.8322
10	MT	1042	33.7	30.6	2	428.1	856.2	252.96	287	18	193	12.676	0.0437	0.7042
10	MT	1042	33.7	30.6	3	915.1	1343.2	214.01	252	8	307	10.203	0.0534	1.2754
10	MT	1043	22.6	24.4	1	0	429.8	218.48	255	9	294	3.801	0.0202	0.4223
10	MT	1044	28.9	30.1	1	0	459.5	240.71	307	15	211	9.867	0.0403	0.6578
10	MT	1044	28.9	30.1	2	459.5	919	164.99	196	7	305	8.035	0.0659	1.1479
10	MT	1045	29.6	29.8	1	0	547	243.65	310	14	258	7.643	0.0251	0.5459
10	MT	1045	29.6	29.8	2	547	1094	224.7	245	9	305	5.021	0.0257	0.5579
10	MT	1045	29.6	29.8	3	976.8	1523.8	201.52	228	8	393	5.554	0.0349	0.6943
10	MT	1046	27.7	30.5	1	0	429.2	232.16	285	7	422	6.109	0.0291	0.8727
10	MT	1046	27.7	30.5	2	429.2	858.4	202.8	230	7	368	6.819	0.0426	0.9741
10	MT	1046	27.7	30.5	3	857.3	1286.5	167.35	206	10	390	7.771	0.0508	0.7771
11	OMT	1101	24.8	24.3	1	0	547	201.2	252	11	315	3.753	0.0181	0.3412
11	OMT	1101	24.8	24.3	2	547	1094	159.94	200	7	562	2.661	0.0185	0.3801
11	OMT	1101	24.8	24.3	3	1096.3	1643.3	149.65	186	6	560	3.816	0.0329	0.636
11	OMT	1102	29.7	27	1	0	427.5	237.29	309	10	282	7.772	0.0335	0.7772
11	OMT	1102	29.7	27	2	427.5	855	150.5	265	16	147	29.167	0.1527	1.8229
11	OMT	1102	29.7	27	3	947.1	1374.6	212.79	244	6	481	8.317	0.047	1.3862
11	OMT	1102	29.7	27	4	1376.3	1803.8	171.38	220	10	385	8.927	0.0516	0.8927
11	OMT	1103	29.4	24.4	1	0	518.4	296.8	395	12	279	15.682	0.0351	1.3068
11	OMT	1103	29.4	24.4	2	518.4	1036.8	242.32	303	18	175	9.497	0.0415	0.5276
11	OMT	1103	29.4	24.4	3	946.5	1464.9	212.22	244	11	330	6.755	0.0334	0.6141
11	OMT	1103	29.4	24.4	4	1436.9	1955.3	153.8	214	18	205	12.848	0.0857	0.7138
11	OMT	1104	34.1	28.2	1	0	428.7	297.21	349	12	222	8.537	0.0251	0.7114
11	OMT	1104	34.1	28.2	2	428.7	857.4	264.67	299	8	315	13.945	0.0486	1.7431
11	OMT	1104	34.1	28.2	3	860.2	1288.9	212.65	270	7	448	10.168	0.0377	1.4526
11	OMT	1104	34.1	28.2	4	1410.6	1839.3	157.92	215	6	329	7.959	0.0647	1.3265
11	OMT	1105	22.6	23.4	1	0	488.7	155.23	189	11	313	6.162	0.0531	0.5602
11	OMT	1106	20.5	22.9	1	0	461.8	186.66	236	12	264	5.6	0.0341	0.4667
11	OMT	1106	20.5	22.9	2	461.8	923.6	173.07	197	8	340	4.235	0.0282	0.5294
11	OMT	1107	22.9	22.7	1	0	457.8	187.31	250	9	341	3.245	0.0224	0.3606
11	OMT	1108	33	24.9	1	0	430.9	260.79	315	13	215	11.179	0.0407	0.8599
11	OMT	1108	33	24.9	2	430.9	861.8	215.39	261	12	254	13.601	0.061	1.1334
11	OMT	1108	33	24.9	3	920.7	1351.6	155.27	214	11	278	10.995	0.0738	0.9995
11	OMT	1110	27.5	19.9	1	0	459	233	267	6	224	2.359	0.011	0.3932
11	OMT	1110	27.5	19.9	2	459	918	189.83	232	5	528	2.449	0.0165	0.4898
11	OMT	1111	37.7	25.4	1	0	457.3	303.3	374	11	281	9.369	0.0237	0.8517
11	OMT	1111	37.7	25.4	2	457.3	914.6	266.94	313	9	343	11.604	0.0368	1.2893
11	OMT	1111	37.7	25.4	3	917.9	1375.2	208.96	264	7	280	13.704	0.0703	1.9577
11	OMT	1112	25.7	21	1	0	515.6	205.21	271	6	508	3.324	0.0161	0.554
11	OMT	1113	38.9	24.2	1	0	548.7	240.95	301	14	214	19.144	0.0585	1.3674
11	OMT	1113	38.9	24.2	2	548.7	1097.4	162.18	240	13	236	14.674	0.0793	1.1288
11	OMT	1114	22	17.1	1	0	457.3	186.61	216	7	391	2.831	0.0201	0.4044
11	OMT	1116	28.1	22.1	1	0	425.3	236.16	289	5	543	2.547	0.0115	0.5094
11	OMT	1116	28.1	22.1	2	425.3	850.6	197.89	239	7	430	2.766	0.0167	0.3951
11	OMT	1117	26.2	23.8	1	0	434.3	177.7	282	10	231	3.521	0.0238	0.3521
11	OMT	1118	27.2	22.1	1	0	519	209.37	268	9	379	3.951	0.0168	0.439
11	OMT	1118	27.2	22.1	2	519	1038	159	211	7	522	5.566	0.0384	0.7951
12	OMT	1201	46.3	28.2	1	0	517.9	384.23	466	22	173	13.382	0.0196	0.6083
12	OMT	1201	46.3	28.2	2	517.9	1035.8	352.99	387	17	117	39.243	0.0711	2.3084
12	OMT	1201	46.3	28.2	3	1005.5	1523.4	284.14	357	14	140	40.739	0.1107	2.9099
12	OMT	1201	46.3	28.2	4	1434.2	1952.1	228.34	283	15	141	31.898	0.1381	2.1265
12	OMT	1202	40.7	28.3	1	0	461.2	330.28	408	13	242	10.059	0.0214	0.7738
12	OMT	1202	40.7	28.3	2	461.2	922.4	302.86	333	23	128	30.621	0.0706	1.3313
12	OMT	1202	40.7	28.3	3	982.4	1443.6	251.15	302	18	138	33.144	0.0942	1.8413
12	OMT	1202	40.7	28.3	4	1531.7	1992.9	185.25	256	20	130	26.471	0.1267	1.3236
12	OMT	1203	30.8	27.5	1	0	546.5	242.3	309	9	419	8.446	0.0266	0.9384
12	OMT	1203	30.8	27.5	2	546.5	1093	212.27	250	19	139	18.444	0.0792	0.9707
12	OMT	1203	30.8	27.5	3	1094.1	1640.6	165.22	214	15	207	13.15	0.0848	0.8767
12	OMT	1204	36.2	26.6	1	0	547	273.39	347	18	191	16.363	0.0433	0.9091
12	OMT	1204	36.2	26.6	2	547	1094	231.85	278	15	221	17.724	0.0561	1.1816
12	OMT	1204	36.2	26.6	3	1095.2	1642.2	172.43	244	13	278	16.4	0.0891	1.2615
12	OMT	1205	29.1	24	1	0	458.4	223.28	293	12	290	8.475	0.0398	0.7063
12	OMT	1205	29.1	24	2	458.4	916.8	196.25	228	12	197	8.894	0.0593	0.7412
12	OMT	1205	29.1	24	3	887.1	1345.5	156.27	205	16	221	10.676	0.0779	0.6673
12	OMT	1206	32.7	25.9	1	0	550.4	262.02	325	9	314	4.946	0.0136	0.5496
12	OMT	1206	32.7	25.9	2	550.4	1100.8	222.78	264	17	151	16.625	0.0632	0.9779
12	OMT	1206	32.7	25.9	3	1102.5	1652.9	166.51	227	21	163	17.136	0.1008	0.816
12	OMT	1207	31	24.8	1	0	489.8	237.31	265	18	192	10.521	0.0424	0.5845
12	OMT	1207	31	24.8	2	489.8	979.6	204.16	238	16	225	13.897	0.0681	0.8686
12	OMT	1207	31	24.8	3	1010.5	1500.3	149.9	201	18	202	10.457	0.0742	0.5809
12	OMT	1208	34.5	27.1	1	0	548.7	265.71	364	18	180	11.384	0.0314	0.6324
12	OMT	1208	34.5	27.1	2	548.7	1097.4	244.05	269	8	310	7.417	0.0321	0.9271
12	OMT	1208	34.5	27.1	3	979	1527.7	216.37	247	11	215	7.87	0.0425	0.7155
12	OMT	1208	34.5	27.1	4	1407.7	1956.4	166.07	213	10	282	10.207	0.069	1.0207
12	OMT	1209	31.1	24.5	1	0	430.3	269.11	331	9	150	5.975	0.0216	0.6639
12	OMT	1209	31.1	24.5	2	430.3	860.6	238.03	271	11	252	8.37	0.0375	0.7609
12	OMT	1209	31.1	24.5	3	860.1	1290.4	180.57	241	15	248	11.285	0.0567	0.7523
12	OMT	1210	25	23.9	1	0	429.8	212.37	269	13	205	5.615	0.0326	0.4319
12	OMT	1210	25	23.9	2	429.8	859.6	186.47	213	8	325	5.794	0.0426	0.7243
12	OMT	1210	25	23.9	3	859.6	1289.4	152.88	189	8	392	4.649	0.0479	0.5811
12	OMT	1211	28.2	26.7	1	0	428.7	229.39	302	10	279	4.607	0.0218	0.4607
12	OMT	1211	28.2	26.7	2	428.7	857.4	209.13	243	12	293	7.922	0.0377	0.6602
12	OMT	1211	28.2	26.7	3	918	1346.7	204.26	231	11	294	6.324	0.0319	0.5749
12	OMT	1211	28.2	26.7	4	1437.6	1866.3	158.68	204	8	396	4.907	0.0332	0.6134
12	OMT	1213	21.4	21.5	1	0	549.3	170.52	221	13	309	4.401	0.0291	0.3385
12	OMT	1213	21.4	21.5	2	549.3	1098.6	158.05	202	10	422	3.631	0.0265	0.3631
12	OMT	1214	28.8	25.6	1	0	516.7	229.14	268	13	243	9.11	0.0369	0.7008
12	OMT	1214	28.8	25.6	2	516.7	1033.4	208.82	230	9	346	8.591	0.0488	0.9546
12	OMT	1214	28.8	25.6	3	975.7	1492.4	167.5	215	10	410	7.072	0.045	0.7072
12	OMT	1215	39	27.3	1	0	458.4	327.96	380	14	142	15.025	0.0332	1.0732
12	OMT	1215	39	27.3	2	458.4	916.8	288.01	334	19	118	15.966	0.0446	0.8403
12	OMT	1215	39	27.3	3	916.2	1374.6	232.59	292	16	124	17.315	0.0666	1.0822
12	OMT	1215	39	27.3	4	1374.6	1833	164.34	236	13	226	10.865	0.072	0.8358
12	OMT	1216	28.7	25.5	1	0	548.7	238.84	267	15	137	8.451	0.0305	0.5634
12	OMT	1216	28.7	25.5	2	548.7	1097.4	200.14	242	9	400	8.118	0.0392	0.902
12	OMT	1216	28.7	25.5	3	1070.5	1619.2	148.06	204	9	332	10.429	0.0815	1.1588
12	OMT	1217	25.7	24.4	1	0	429.8	213.59	244	14	186	5.505	0.0302	0.3932
12	OMT	1217	25.7	24.4	2	429.8	859.6	194.01	214	8	382	4.676	0.0334	0.5845
12	OMT	1217	25.7	24.4	3	857.3	1287.1	156.13	196	7	470	4.982	0.0402	0.7117
12	OMT	1218	30.6	23.8	2	550	1098.7	146.74	208	16	212	10.786	0.0719	0.6741
12	OMT	1219	29.5	25.1	1	0	427.5	234.17	296	10	267	9.02	0.0385	0.902
12	OMT	1220	27.2	25.6	1	0	459	214.75	286	7	374	4.668	0.0224	0.6669
12	OMT	1220	27.2	25.6	2	459	918	185.6	218	6	435	3.245	0.0229	0.5408
12	OMT	1220	27.2	25.6	3	888.2	1347.2	154.07	189	6	463	4.656	0.0466	0.776
12	OMT	1221	26.5	23	1	0	428.1	240.7	288	10	188	13.912	0.057	1.3912
12	OMT	1221	26.5	23	2	428.1	856.2	206.28	259	12	225	13.248	0.0625	1.104
12	OMT	1221	26.5	23	3	916.2	1344.3	161.5	208	9	369	12.365	0.0841	1.3739
12	OMT	1222	30.8	24.5	1	0	459	245.81	314	12	206	13.774	0.0534	1.1478
12	OMT	1222	30.8	24.5	2	459	918	215.61	249	8	318	14.825	0.0745	1.8531
12	OMT	1223	29.5	25.4	1	0	543.7	175.54	219	9	381	6.468	0.038	0.7187
12	OMT	1223	29.5	25.4	2	543.7	1087.4	166.29	200	8	494	3.217	0.0216	0.4021
12	OMT	1224	27.45	22.9	1	0	548.2	212.86	281	16	196	8.555	0.0356	0.5347
12	OMT	1225	27.6	25.5	1	0	457.8	233.52	287	6	466	2.871	0.0125	0.4785
12	OMT	1225	27.6	25.5	2	457.8	915.6	203.08	234	6	493	3.152	0.0165	0.5253
12	OMT	1225	27.6	25.5	3	947.1	1404.9	155.45	204	9	397	4.543	0.0303	0.5048
12	OMT	1226	22.8	22	1	0	485.9	195.04	224	11	307	6.549	0.0409	0.5954
12	OMT	1226	22.8	22	2	485.9	971.8	161.78	196	11	272	6.555	0.0462	0.5959
12	OMT	1227	31.6	23.5	1	0	488.7	255.59	323	15	233	7.712	0.0255	0.5141
12	OMT	1227	31.6	23.5	2	488.7	977.4	217.02	257	11	194	9.289	0.0476	0.8445
12	OMT	1227	31.6	23.5	3	917.4	1406.1	147.36	215	12	286	7.444	0.0483	0.6203
12	OMT	1228	34.5	25.3	1	0	428.7	295.54	354	13	213	10.631	0.0317	0.8178
12	OMT	1228	34.5	25.3	2	428.7	857.4	255.7	292	10	241	7.953	0.0312	0.7953
12	OMT	1228	34.5	25.3	3	857.4	1286.1	209.47	258	14	159	8.831	0.0455	0.6308
12	OMT	1228	34.5	25.3	4	1287.2	1715.9	157.89	210	10	291	13.122	0.0825	1.3122
12	OMT	1229	26	23.6	1	0	548.7	174.35	219	10	391	8.316	0.0504	0.8316
12	OMT	1230	45.3	26.2	2	520	1008.1	301.42	349	15	123	25.729	0.0605	1.7153
12	OMT	1230	45.3	26.2	3	1008.1	1497.1	239.72	303	13	127	20.652	0.0662	1.5886
12	OMT	1230	45.3	26.2	4	1497.1	1986.4	145.98	240	13	178	20.767	0.1331	1.5975
12	OMT	1231	26.4	21.7	1	0	489.8	207.83	283	7	367	6.46	0.0299	0.9229
12	OMT	1231	26.4	21.7	2	489.8	979.6	171.77	213	7	462	9.458	0.0591	1.3511
12	OMT	1232	28.1	21.7	1	0	516.7	225.45	290	16	155	13.078	0.0532	0.8174
12	OMT	1232	28.1	21.7	2	516.7	1033.4	171.81	229	19	192	12.131	0.0678	0.6385
12	OMT	1233	27.2	22.2	1	0	429.2	227.75	293	15	195	11.759	0.0549	0.7839
12	OMT	1233	27.2	22.2	2	429.2	858.4	193.53	228	6	408	9.405	0.0599	1.5675
12	OMT	1233	27.2	22.2	3	857.3	1286.5	149.68	194	9	283	8.753	0.0818	0.9726
12	OMT	1234	33.1	26.3	1	0	460.6	261.66	334	14	189	13.644	0.0446	0.9746
12	OMT	1234	33.1	26.3	2	460.6	921.2	223.83	273	9	321	15.98	0.0612	1.7756
12	OMT	1234	33.1	26.3	3	950.4	1411	150.9	216	14	228	17.972	0.1175	1.2837
12	OMT	1235	23.2	21.8	1	0	488.1	188.02	237	7	447	2.778	0.0175	0.3969
12	OMT	1236	32.4	24.8	1	0	519.6	261.8	300	18	144	19.052	0.0574	1.0584
12	OMT	1236	32.4	24.8	2	519.6	1039.2	210.57	261	16	173	21.013	0.0868	1.3133
12	OMT	1237	37.2	24.4	1	0	540.9	227.77	269	7	467	15.551	0.058	2.2216
12	OMT	1237	37.2	24.4	2	540.9	1081.8	169.9	224	10	286	10.827	0.0633	1.0827
12	OMT	1238	24.6	23	1	0	547	200.89	263	12	227	10.75	0.0476	0.8958
12	OMT	1239	24.1	23.2	1	0	513.4	157.86	189	8	479	3.051	0.0242	0.3814
12	OMT	1240	31.7	23.5	1	0	431.5	260.47	326	12	178	13.806	0.0511	1.1505
12	OMT	1240	31.7	23.5	2	431.5	863	221.29	264	11	281	19.933	0.0755	1.8121
12	OMT	1240	31.7	23.5	3	979.7	1411.2	168.1	218	9	286	14.05	0.1011	1.5611
12	OMT	1241	27.6	24.2	1	0	429.2	221.54	276	12	214	9.515	0.0476	0.7929
12	OMT	1241	27.6	24.2	2	429.2	858.4	194.78	225	8	396	9.428	0.0608	1.1785
12	OMT	1241	27.6	24.2	3	888.2	1317.4	164.3	213	10	336	9.351	0.057	0.9351
12	OMT	1242	25.8	23.3	1	0	460.6	216.65	250	9	302	10.998	0.0555	1.222
12	OMT	1242	25.8	23.3	2	460.6	921.2	189.24	218	6	434	14.344	0.0956	2.3907
12	OMT	1243	24.7	22.7	1	0	547	200.92	260	12	296	12.448	0.0598	1.0373
12	OMT	1244	25.8	23.1	1	0	518.4	210.33	266	16	210	10.672	0.0494	0.667
12	OMT	1244	25.8	23.1	2	518.4	1036.8	173.71	212	15	218	12.022	0.0711	0.8015
13	Peat	1301	21.7	19.9	1	0	431.5	173.62	214	9	201	4.247	0.0354	0.4719
13	Peat	1302	21.9	21.6	1	0	430.9	180.18	258	16	150	8.979	0.0685	0.5612
13	Peat	1302	21.9	21.6	2	430.9	861.8	163.13	201	17	210	9.158	0.0678	0.5387
13	Peat	1302	21.9	21.6	3	951	1381.9	151.77	184	16	217	10.386	0.0895	0.6491
13	Peat	1303	24.5	23.4	1	0	428.7	196.86	244	11	230	5.033	0.0323	0.4575
13	Peat	1305	31.5	22.5	1	0	462.3	258.57	314	4	217	4.803	0.0177	1.2008
13	Peat	1305	31.5	22.5	2	462.3	924.6	224.72	262	16	193	9.209	0.0419	0.5756
13	Peat	1305	31.5	22.5	3	923.5	1385.8	158.31	228	19	199	13.75	0.0823	0.7237
13	Peat	1306	22.1	20.9	1	0	431.5	183.67	240	8	365	3.733	0.0281	0.4666
13	Peat	1306	22.1	20.9	2	431.5	863	152.14	185	14	264	6.366	0.0563	0.4547
13	Peat	1307	28.7	21	1	0	430.9	236.68	281	8	242	3.381	0.0162	0.4226
13	Peat	1307	28.7	21	2	430.9	861.8	209.59	241	13	220	6.892	0.0403	0.5302
13	Peat	1307	28.7	21	3	861.8	1292.7	150.5	209	16	219	9.876	0.0691	0.6173
13	Peat	1308	20.5	19.8	1	0	430.3	164.97	208	6	252	1.94	0.018	0.3233
13	Peat	1309	24.5	22.9	1	0	551	195.69	238	5	396	3.752	0.0196	0.7504
13	Peat	1309	24.5	22.9	2	551	1102	154.09	196	13	303	6.993	0.051	0.5379
13	Peat	1310	31.3	24.6	1	0	550.4	263.56	302	9	442	6.026	0.0173	0.6696
13	Peat	1310	31.3	24.6	2	550.4	1100.8	216.08	266	15	257	11.189	0.0457	0.7459
13	Peat	1310	31.3	24.6	3	1091.8	1642.2	161.71	222	15	221	6.306	0.0457	0.4204
13	Peat	1311	29.1	25.9	1	0	489.8	238.94	289	13	270	6.481	0.0254	0.4985
13	Peat	1311	29.1	25.9	2	489.8	979.6	208.26	242	15	256	12.641	0.0552	0.8427
13	Peat	1311	29.1	25.9	3	1040.2	1530	164.83	216	13	248	13.624	0.0946	1.048
13	Peat	1312	28.2	25.2	1	0	461.2	242.26	275	10	243	5.246	0.0219	0.5246
13	Peat	1312	28.2	25.2	2	461.2	922.4	209.94	245	10	352	6.373	0.0315	0.6373
13	Peat	1313	35	27.9	1	0	490.9	303.36	357	17	209	7.205	0.019	0.4238
13	Peat	1313	35	27.9	2	490.9	981.8	264	305	17	192	10.728	0.0337	0.6311
13	Peat	1313	35	27.9	3	980.2	1471.1	214.43	265	13	214	8.464	0.0411	0.6511
13	Peat	1314	27.7	24.1	1	0	489.8	235.56	292	15	234	5.303	0.0215	0.3535
13	Peat	1314	27.7	24.1	2	489.8	979.6	203.36	240	13	239	8.246	0.0466	0.6343
13	Peat	1314	27.7	24.1	3	948.8	1438.6	155.9	204	10	262	5.422	0.0463	0.5422
13	Peat	1315	24	27.3	1	0	517.9	276.61	348	15	262	7.114	0.018	0.4743
13	Peat	1315	24	27.3	2	517.9	1035.8	228.1	278	13	277	11.486	0.043	0.8835
13	Peat	1315	24	27.3	3	1038	1555.9	168.5	226	16	242	9.207	0.0495	0.5754
13	Peat	1316	25.1	25.3	1	0	519.6	207.82	249	7	511	3.471	0.0177	0.4959
13	Peat	1316	25.1	25.3	2	519.6	1039.2	170.54	207	15	272	6.045	0.0366	0.403
13	Peat	1317	23.6	23.7	1	0	429.2	190	232	5	374	1.882	0.0131	0.3764
13	Peat	1317	23.6	23.7	2	429.2	858.4	154.96	190	17	193	6.038	0.0539	0.3552
13	Peat	1318	30.9	25.2	1	0	490.9	251.47	301	10	327	5.34	0.0188	0.534
13	Peat	1318	30.9	25.2	2	490.9	981.8	212.66	256	15	251	7.98	0.0368	0.532
13	Peat	1318	30.9	25.2	3	981.3	1472.2	151.75	213	14	297	5.648	0.0379	0.4034
13	Peat	1319	24.3	26	1	0	436	183.81	267	14	131	7.161	0.0477	0.5115
13	Peat	1320	32.3	27.6	1	0	553.8	270.89	335	20	166	14.765	0.0405	0.7383
13	Peat	1320	32.3	27.6	2	553.8	1107.6	243.24	278	18	198	22.324	0.0744	1.2402
13	Peat	1320	32.3	27.6	3	1104.8	1658.6	199.98	242	13	208	12.829	0.0701	0.9868
13	Peat	1321	27.7	24.5	1	0	430.3	215.83	268	10	327	6.921	0.0368	0.6921
13	Peat	1321	27.7	24.5	2	430.3	860.6	190.82	219	15	210	10.17	0.0605	0.678
13	Peat	1321	27.7	24.5	3	920.7	1351	151.66	195	10	320	6.704	0.0516	0.6704
13	Peat	1322	30.7	24.1	1	0	492.1	240.83	291	15	230	12.643	0.0474	0.8429
13	Peat	1322	30.7	24.1	2	492.1	984.2	215.06	239	15	187	12.934	0.0684	0.8623
13	Peat	1322	30.7	24.1	3	952.7	1444.8	158.49	216	13	281	14.114	0.0935	1.0857
13	Peat	1323	21.9	22.3	1	0	491.5	214.66	254	8	443	4.51	0.022	0.5638
13	Peat	1323	21.9	22.3	2	491.5	983	195.68	234	16	224	5.561	0.0288	0.3476
13	Peat	1323	21.9	22.3	3	1042.5	1534	164.56	212	18	235	6.771	0.0473	0.3762
13	Peat	1324	34.5	27.1	1	0	551.5	262.98	364	12	366	7.262	0.0195	0.6052
13	Peat	1324	34.5	27.1	2	551.5	1103	222	269	17	234	9.777	0.0352	0.5751
13	Peat	1324	34.5	27.1	3	1092.4	1643.9	163.69	223	11	345	6.523	0.04	0.593
13	Peat	1325	30.8	27.8	1	0	519.6	247.55	331	16	218	20.169	0.0598	1.2606
13	Peat	1325	30.8	27.8	2	519.6	1039.2	217.94	251	17	189	19.232	0.0769	1.1313
13	Peat	1325	30.8	27.8	3	1070.6	1590.2	174.06	230	14	281	16.75	0.0963	1.1964
13	Peat	1326	26	23.3	1	0	521.8	201.19	258	2	322	2.162	0.0107	1.081
13	Peat	1327	29.4	24.6	1	0	430.9	236.08	292	13	236	5.68	0.0257	0.4369
13	Peat	1327	29.4	24.6	2	430.9	861.8	209.58	235	11	276	7.053	0.041	0.6412
13	Peat	1328	30.9	24.7	1	0	551	255.04	323	14	295	7.09	0.0204	0.5064
13	Peat	1328	30.9	24.7	2	551	1102	211.25	256	22	188	11.21	0.0463	0.5095
13	Peat	1328	30.9	24.7	3	1100.3	1651.3	152.04	210	14	267	8.541	0.0593	0.6101
13	Peat	1329	31.7	24.7	1	0	489.8	267.11	317	13	291	5.537	0.0172	0.4259
13	Peat	1329	31.7	24.7	2	489.8	979.6	226.38	266	17	229	12.56	0.0447	0.7388
13	Peat	1329	31.7	24.7	3	1039.7	1529.5	177.7	224	12	239	10.66	0.074	0.8883
13	Peat	1330	25.6	22.3	1	0	521.8	164.61	216	13	278	7.091	0.0463	0.5455
14	MT	1401	39	30	1	0	554.3	317.37	373	20	197	8.782	0.0174	0.4391
14	MT	1401	39	30	2	554.3	1108.6	272.84	321	17	212	12.276	0.0326	0.7221
14	MT	1401	39	30	3	1075.5	1629.8	221.29	273	19	192	11.177	0.042	0.5883
14	MT	1401	39	30	4	1596.2	2150.5	156.41	219	13	285	8.604	0.0581	0.6618
14	MT	1402	30.1	27.9	1	0	462.3	235.23	325	8	334	5.712	0.0237	0.714
14	MT	1402	30.1	27.9	2	462.3	924.6	211.58	237	16	228	11.471	0.0551	0.7169
14	MT	1402	30.1	27.9	3	984.1	1446.4	167.3	213	19	183	15.949	0.1036	0.8394
14	MT	1403	30	26.5	1	0	556	242.35	295	16	262	8.608	0.0284	0.538
14	MT	1403	30	26.5	2	556	1112	207.03	243	13	244	8.14	0.0391	0.6262
14	MT	1403	30	26.5	3	1048.6	1604.6	156	209	14	256	8.312	0.0594	0.5937
14	MT	1404	33.6	28.6	1	0	429.8	248.91	273	13	211	11.105	0.0477	0.8542
14	MT	1404	33.6	28.6	2	429.8	859.6	207.61	249	14	226	12.317	0.0545	0.8798
14	MT	1405	35.4	28.9	1	0	493.7	274.88	335	15	210	11.426	0.032	0.7617
14	MT	1405	35.4	28.9	2	493.7	987.4	238.93	277	10	308	7.364	0.0303	0.7364
14	MT	1405	35.4	28.9	3	954.3	1448	203.71	241	11	225	9.683	0.056	0.8803
14	MT	1405	35.4	28.9	4	1386.3	1880	154.55	204	14	270	10.112	0.0738	0.7223
14	MT	1406	25.9	23.9	1	0	548.7	160.95	189	14	295	5.56	0.0431	0.3971
14	MT	1407	45.2	31	1	0	432	344.41	427	13	207	7.396	0.0159	0.5689
14	MT	1407	45.2	31	2	432	864	314.21	348	20	122	15.439	0.0412	0.772
14	MT	1407	45.2	31	3	862.3	1294.3	271.7	314	18	132	12.488	0.0418	0.6938
14	MT	1407	45.2	31	4	1293.2	1725.2	222.58	271	13	219	10.793	0.0507	0.8302
14	MT	1407	45.2	31	5	1723.5	2155.5	149.99	222	15	207	9.051	0.0629	0.6034
14	MT	1408	28.9	25.2	1	0	524	233.05	282	12	268	9.984	0.0385	0.832
14	MT	1408	28.9	25.2	2	524	1048	203.24	234	16	159	13.831	0.0818	0.8644
14	MT	1408	28.9	25.2	3	955.5	1479.5	154.18	203	21	174	14.136	0.0982	0.6731
14	MT	1409	41	29.4	1	0	430.9	263.24	307	11	267	6.203	0.0215	0.5639
14	MT	1409	41	29.4	2	430.9	861.8	219.76	266	18	190	9.453	0.042	0.5252
14	MT	1409	41	29.4	3	922.4	1353.3	155.63	212	16	249	8.603	0.0577	0.5377
14	MT	1410	38.4	27	1	0	465.7	294.41	384	22	146	10.994	0.0283	0.4997
14	MT	1410	38.4	27	2	465.7	931.4	256.36	293	14	202	15.857	0.056	1.1326
14	MT	1410	38.4	27	3	928	1393.7	216.45	261	17	166	21.557	0.0902	1.2681
14	MT	1411	27.7	24.1	1	0	432	211.58	276	9	236	6.052	0.0325	0.6724
14	MT	1411	27.7	24.1	2	432	864	175.85	212	18	228	9.283	0.0553	0.5157
14	MT	1412	38.6	28.1	1	0	493.7	296.74	370	17	192	9.254	0.023	0.5444
14	MT	1412	38.6	28.1	2	493.7	987.4	261.32	307	22	143	25.902	0.0753	1.1774
14	MT	1412	38.6	28.1	3	1044.1	1537.8	207.56	261	11	200	24.157	0.1226	2.1961
14	MT	1413	26.7	24.8	1	0	432	215.71	254	1	0	1.241	0.0065	1.241
14	MT	1413	26.7	24.8	2	432	864	194.62	218	11	269	4.347	0.0304	0.3952
14	MT	1413	26.7	24.8	3	860.1	1292.1	158.92	194	6	520	3.16	0.0226	0.5267
14	MT	1414	28.5	25.7	1	0	432	225.14	276	3	177	2.279	0.011	0.7597
14	MT	1414	28.5	25.7	2	432	864	197.86	230	17	179	5.257	0.0341	0.3092
14	MT	1414	28.5	25.7	3	863.5	1295.5	155.21	201	15	224	5.785	0.0474	0.3857
14	MT	1415	21.2	22	1	0	492.1	154.63	218	1	0	1.923	0.016	1.923
14	MT	1416	28.1	26.7	1	0	431.5	272.53	309	9	303	7.411	0.026	0.8234
14	MT	1416	28.1	26.7	2	431.5	863	221.54	275	10	306	5.742	0.0293	0.5742
14	MT	1416	28.1	26.7	3	864.6	1296.1	191.82	223	12	274	4.698	0.032	0.3915
14	MT	1416	28.1	26.7	4	1295.5	1727	148.69	191	9	348	5.055	0.0472	0.5617
14	MT	1417	20.7	22.5	1	0	429.2	150.86	198	15	162	9.272	0.0859	0.6181
14	MT	1418	28.3	25.3	1	0	463.4	229.16	264	6	463	3.966	0.0175	0.661
14	MT	1418	28.3	25.3	2	463.4	926.8	201.31	233	9	331	5.123	0.032	0.5692
14	MT	1418	28.3	25.3	3	893.2	1356.6	155.41	204	9	475	4.257	0.0304	0.473
14	MT	1419	22.5	19.4	1	0	429.2	185.69	211	3	567	2.657	0.02	0.8857
14	MT	1419	22.5	19.4	2	429.2	858.4	153.77	185	14	290	5.636	0.0451	0.4026
14	MT	1420	30.2	25.7	1	0	554.9	244.77	295	13	267	7.372	0.0239	0.5671
14	MT	1420	30.2	25.7	2	554.9	1109.8	206.53	245	19	196	11.625	0.0524	0.6118
14	MT	1421	37	29.3	1	0	522.9	292.75	359	14	288	5.543	0.0137	0.3959
14	MT	1421	37	29.3	2	522.9	1045.8	260.73	293	12	286	8.736	0.0268	0.728
14	MT	1421	37	29.3	3	1044.7	1567.6	221.06	263	14	226	6.489	0.028	0.4635
14	MT	1422	32.3	25.2	1	0	552.7	259.59	333	10	436	5.884	0.0164	0.5884
14	MT	1422	32.3	25.2	2	552.7	1105.4	216.39	259	19	199	9.005	0.0353	0.4739
14	MT	1422	32.3	25.2	3	1104.2	1656.9	152.54	215	19	189	10.122	0.0653	0.5327
14	MT	1423	34	27.1	1	0	556	256.87	335	16	279	11.22	0.0313	0.7013
14	MT	1423	34	27.1	2	556	1112	231.22	261	13	189	16.882	0.0808	1.2986
14	MT	1424	25.3	24.6	1	0	551	197.83	244	10	371	5.79	0.0274	0.579
14	MT	1424	25.3	24.6	2	551	1102	153.06	201	14	273	7.868	0.0587	0.562
14	MT	1425	23.4	18.5	1	0	460.1	192.56	231	4	591	3.578	0.0226	0.8945
14	MT	1425	23.4	18.5	2	460.1	920.2	158.62	194	12	281	8.015	0.0568	0.6679
14	MT	1426	36.5	27.6	1	0	430.9	304.63	354	15	188	11.366	0.0313	0.7577
14	MT	1426	36.5	27.6	2	430.9	861.8	272.39	305	18	155	13.09	0.0428	0.7272
14	MT	1426	36.5	27.6	3	888.7	1319.6	217.56	271	17	180	16.056	0.0615	0.9445
14	MT	1426	36.5	27.6	4	1409.9	1840.8	152.04	220	17	208	10.818	0.0751	0.6364
14	MT	1427	29	25.4	1	0	430.3	226.89	282	13	176	7.68	0.0367	0.5908
14	MT	1427	29	25.4	2	430.3	860.6	195.24	228	11	222	9.02	0.059	0.82
14	MT	1428	33.9	25.8	1	0	431.5	280.52	341	17	173	10.051	0.0311	0.5912
14	MT	1428	33.9	25.8	2	431.5	863	252.04	286	12	206	13.543	0.0551	1.1286
14	MT	1428	33.9	25.8	3	861.8	1293.3	205.09	251	15	163	11.347	0.062	0.7565
14	MT	1429	31.6	21.2	1	0	522.9	250.49	307	18	144	15.316	0.0501	0.8509
14	MT	1429	31.6	21.2	2	522.9	1045.8	208.62	250	18	178	16.445	0.0794	0.9136
14	MT	1429	31.6	21.2	3	1013.3	1536.2	161.12	212	20	193	16.673	0.1055	0.8337
14	MT	1430	22.6	23	1	0	433.1	180.13	241	7	332	3.302	0.0258	0.4717
14	MT	1430	22.6	23	2	433.1	866.2	152.29	181	12	265	6.123	0.0594	0.5103
14	MT	1431	29	25.7	1	0	493.2	232.57	294	11	269	7.307	0.029	0.6643
14	MT	1431	29	25.7	2	493.2	986.4	200.65	235	11	274	6.961	0.0427	0.6328
14	MT	1432	26.3	24.5	1	0	520.1	198.96	281	9	332	5.602	0.0265	0.6224
14	MT	1432	26.3	24.5	2	520.1	1040.2	155.69	201	15	228	10.011	0.0715	0.6674
14	MT	1433	26.7	24.9	1	0	432	222.78	298	4	512	5.211	0.0267	1.3028
14	MT	1433	26.7	24.9	2	432	864	188.78	223	15	199	8.946	0.0617	0.5964
14	MT	1433	26.7	24.9	3	862.9	1294.9	151.79	190	16	195	10.607	0.0991	0.6629
14	MT	1434	29.2	29.6	1	0	554.3	302.06	380	17	217	20.394	0.0418	1.1996
14	MT	1434	29.2	29.6	2	554.3	1108.6	265.09	304	18	164	29.838	0.0862	1.6577
14	MT	1434	29.2	29.6	3	1076.1	1630.4	216.77	263	19	134	23.102	0.1045	1.2159
14	MT	1434	29.2	29.6	4	1537.3	2091.6	151.48	221	19	172	12.145	0.0838	0.6392
14	MT	1435	29.8	26.7	1	0	491.5	248.42	297	13	255	5.337	0.0201	0.4105
14	MT	1435	29.8	26.7	2	491.5	983	206.83	251	18	229	8.201	0.0349	0.4556
14	MT	1435	29.8	26.7	3	1041.4	1532.9	159.96	211	13	293	5.018	0.0337	0.386
14	MT	1436	32.7	26.2	1	0	430.3	239.23	275	16	179	12.592	0.0547	0.787
14	MT	1436	32.7	26.2	2	430.3	860.6	197.77	239	15	176	11.654	0.0694	0.7769
14	MT	1436	32.7	26.2	3	861.2	1291.5	150.58	198	17	170	7.073	0.061	0.4161
14	MT	1437	26.9	24.6	1	0	429.8	227.49	257	8	300	2.771	0.0138	0.3464
14	MT	1437	26.9	24.6	2	429.8	859.6	201.54	229	14	214	4.659	0.0277	0.3328
14	MT	1437	26.9	24.6	3	890.4	1320.2	153.91	202	13	277	5.4	0.0391	0.4154
